0,1,2,3,4,5,6,7,8,9,10,11,12,13,14,15,16,17,18,19,20,21,22,23,24,25,26,27,28,29,30,31,32,33,34,35,36,37,38,39,40,41,42,43,44,45,46,47,48,49,50,51,52,53,54,55,56,57,58,59,60,61,62,63,64,65,66,67,68,69,70,71,72,73,74,75,76,77,78,79,80,81,82,83,84,85,86,87,88,89,90,91,92,93,94,95,96,97,98,99,100,101,102,103,104,105,106,107,108,109,110,111,112,113,114
57.167896,79.41899,76.02754,25.70106,30.001966,61.71242,106.52341,4.910576,-31.84819,27.224087,137.6128,-162.611,71.34076,54.707264,24.971771,-163.98212,80.49631,-15.346085,188.60397,113.83604,175.72917,14.616327,82.80202,111.30983,-91.52369,147.92334,105.9865,27.766436,57.682564,121.96539,-100.593094,36.48123,44.876442,78.50107,-74.317276,-115.837585,-74.02847,197.52315,97.101685,-30.321594,-19.839622,-3.1701164,72.28352,-11.618668,50.368534,-225.6444,-38.626446,45.021732,39.79843,-138.808,90.08539,-36.21853,-84.6307,-7.1572285,94.31198,16.834686,104.00898,-60.951447,74.48132,-63.403214,191.77115,46.51355,-60.813644,49.71556,51.557915,0.061252594,-39.21196,54.922962,95.98839,88.36778,231.42206,70.12274,54.608643,-17.364285,-112.98398,-182.16573,9.579993,92.621574,108.052475,194.4421,-55.072754,125.00445,51.91219,11.823276,-50.517715,98.05446,-142.6846,-35.995903,-106.009995,-52.280846,65.54359,150.35391,10.640365,77.746994,-97.939026,50.784733,22.04318,-193.43272,10.299666,41.54859,-87.09217,-120.219025,-101.494484,-42.176384,131.22028,-14.481537,-23.658226,1.9275436,-13.848545,54.35527,162.47966,37.723396,117.47977,-79.116,32.71962
56.66504,84.15437,64.907906,47.471153,32.8431,46.89781,68.73743,-4.472069,-70.54149,42.062984,163.647,-209.96437,101.45513,37.634422,48.178013,-103.044174,143.83328,-4.1706505,172.5334,198.72864,154.69754,8.577344,76.35586,130.9963,-76.44192,188.88635,70.84378,39.039005,60.333836,129.68045,-128.68065,-0.62316513,59.478596,46.13301,-98.37809,-80.588486,-64.39537,230.32321,57.03532,-50.88806,-10.242306,3.4742298,50.638763,-10.05381,60.662117,-214.86424,-18.616974,16.672506,13.939723,-99.009476,81.7833,-24.250702,-82.20249,-45.860672,50.62768,43.639603,134.5096,-46.892815,56.79772,-124.80365,194.67271,66.90033,-36.00299,81.51349,72.145996,4.721348,-10.5623665,49.368126,128.62228,76.202484,174.08372,87.81564,80.61931,-2.1854324,-109.487946,-188.86482,29.610107,99.474556,72.889465,191.12648,-60.306267,165.63,17.900967,-9.614002,-77.33393,149.93405,-124.91283,7.4108744,-125.087616,-44.133827,91.27907,157.6717,22.512115,56.3207,-93.862915,42.951584,39.05802,-220.40137,-19.879528,29.646093,-87.74518,-145.0613,-109.9209,-50.203056,114.61577,-14.887318,-106.2655,13.246334,32.6314,87.1276,187.82628,49.47342,127.144035,-109.49815,-3.0706997
54.716515,58.22363,76.3806,59.37706,29.85517,41.01158,88.92932,-35.434097,-83.796104,48.473167,91.90225,-191.62021,106.395325,20.171509,37.64673,-106.078766,102.87468,-14.774162,177.67061,156.83417,160.53,21.210365,48.772713,140.58469,-104.07377,178.17256,45.564735,50.59681,108.688446,110.036964,-163.10927,57.336994,45.881058,12.895102,-98.161705,-36.821945,-82.16284,208.14908,60.522213,-46.679955,-9.063055,17.155489,33.073776,-25.015839,78.47116,-214.60901,14.110316,33.751953,-25.627106,-120.078125,74.73277,-6.0571136,-98.77928,-54.347893,74.30978,21.6978,144.26337,-50.916336,53.528366,-111.19841,186.98975,20.338276,-42.551888,70.10463,65.74777,7.1132984,-14.027443,26.98003,142.63882,110.85953,163.26236,48.385895,51.96501,34.241974,-41.397556,-169.44237,-5.217846,111.91378,104.175545,214.64447,-66.57672,167.81903,-9.615845,-18.924889,-105.449135,123.13643,-118.273544,1.7995205,-135.70326,-62.836082,96.593025,173.1599,33.05458,87.636955,-61.53338,54.21843,47.392426,-169.94917,20.900843,0.45759773,-71.48285,-157.19122,-95.25287,-39.303543,65.87311,-49.65567,-99.40985,4.519394,8.031581,89.227165,177.6548,81.61586,164.12909,-139.03186,-24.662598
60.0711,79.35309,60.325092,52.352127,23.785917,32.63011,139.97949,-62.258797,-118.42139,56.448326,119.15436,-195.5681,51.07075,14.71608,55.05946,-143.30965,187.05373,-0.185709,141.61302,82.98204,164.89139,51.550735,102.08737,120.394264,-89.77214,195.76436,64.16279,60.94548,100.99107,114.281364,-137.52501,32.003597,56.20264,10.643332,-132.83028,-102.493164,-78.068184,202.79361,26.609484,-85.77301,18.737288,51.515617,-8.794809,4.8211136,114.358826,-234.47122,2.3369904,64.67615,-34.39755,-99.070915,61.31375,-20.51398,-109.63983,-37.33741,94.613,21.693329,146.75235,-95.49388,76.50654,-131.51924,211.18134,61.466225,-54.707657,92.932076,90.71042,-13.754864,-8.236704,57.99511,128.23207,135.00574,165.32695,44.7924,44.46611,-12.303017,-83.524086,-166.06581,48.573555,106.75466,123.23608,206.30835,-80.53102,160.5081,17.525904,-7.910286,-91.49109,178.7151,-136.4179,16.937767,-115.36063,-69.19184,96.94792,180.45245,73.70893,56.303154,-42.359184,51.676033,61.25702,-178.71626,-2.8593578,-56.310455,-91.3287,-174.82083,-91.03257,-8.275564,76.80748,-51.61361,-104.79856,-33.545918,-20.448418,83.57465,140.32349,82.99921,180.78604,-85.455414,-53.84047
57.09693,85.54158,67.42288,50.48484,31.834866,31.556255,120.94335,-18.51239,-133.31668,52.542126,106.0433,-250.54327,102.793045,27.082926,61.01892,-116.7728,111.41787,4.779278,5.0,137.65659,166.0397,58.89354,103.47083,129.20596,-58.500206,193.16487,86.7665,70.93762,86.48334,99.31572,-130.31332,21.423904,77.54973,49.14855,-154.43768,-49.53592,-174.5892,179.835,38.367153,-81.229324,19.18565,43.381874,-9.881771,-34.46611,114.63193,-283.44254,-7.835943,69.46098,-31.279778,-114.930725,74.63246,-55.018448,-91.0474,-54.40683,101.13887,28.979286,129.79773,-84.59881,58.935192,-106.461655,169.24982,51.470688,-50.889046,66.111946,111.02864,-29.59769,1.0429573,61.733356,109.12592,136.71028,116.15945,39.83265,74.06397,9.153549,-64.37234,-185.41736,41.04698,96.98399,102.61833,206.68356,-101.31683,186.93683,25.048067,-1.2032223,-71.96038,159.33734,-133.87123,-20.773533,-172.01642,-65.162575,67.46969,130.47986,95.82306,72.4678,-51.748222,64.21208,60.308773,-226.45341,-18.042347,-31.579105,-68.34913,-180.98117,-117.035446,-12.023357,75.79747,1.008,-129.88281,-53.353966,-4.2565956,91.99284,166.6126,88.836426,192.7559,-141.16087,-60.417953
63.668415,75.82511,28.18063,40.202354,19.327957,36.08495,81.57354,-77.419586,-121.035736,68.24808,62.720406,-228.8087,98.73287,-20.435722,24.721447,-131.61949,135.16217,7.644869,153.3619,122.953316,141.38852,14.111335,97.8725,152.51965,-82.450195,208.6845,35.83879,47.875042,110.38495,154.78285,-133.92972,57.958035,46.40422,23.574776,-168.98384,-45.220085,-100.044685,196.18967,3.3417053,-127.2704,20.374992,45.883858,8.432316,-56.636032,121.97442,-248.98972,-8.376196,59.00661,-59.62011,-150.85437,52.107693,-31.289478,-97.63204,-55.536453,103.34777,42.205116,132.38301,-71.895035,106.70718,-122.85289,141.82019,17.523598,-27.088966,64.12872,65.729774,-55.18759,40.09317,70.988655,215.49905,136.51248,116.333916,11.388427,93.104805,-2.465479,-88.43924,-184.79181,49.85842,122.49651,122.5795,202.64798,-76.21693,181.0403,43.52128,20.69922,-150.50044,147.85928,-148.14114,-7.512932,-101.764915,-53.73873,105.31433,193.34077,64.31111,80.910706,-49.18934,121.76773,71.01076,-227.93477,-33.00074,-30.833992,-61.024048,-165.49182,-137.07332,-14.041645,71.77237,-102.316765,-162.81618,-58.429146,-27.20697,89.76686,202.64288,90.439384,168.17705,-107.0748,-38.263504
101.0,139.54974,58.027683,23.8342,22.412184,36.67,93.16902,-33.304325,-189.74619,96.0,88.54148,-284.33185,98.06236,15.829284,47.77797,-108.39899,32.356457,-28.032398,119.3791,61.409542,187.62909,70.93303,116.52772,53.52664,-75.54712,242.45988,-26.00853,19.074615,176.02066,132.92195,-123.236755,-70.91051,32.880394,104.47976,-243.3829,-109.63225,-172.06743,181.10237,76.578,-91.80853,84.00879,42.510742,-83.8616,-120.10411,171.54129,-361.45667,67.20207,85.88493,-114.61258,-51.114243,-0.59814644,-86.94499,-150.452,-53.090477,35.69487,30.177155,163.43085,-105.23066,131.45314,-159.49602,76.68027,99.084335,-124.28473,151.66379,10.132556,-12.451233,68.067154,63.60431,198.51868,173.96101,114.99097,-47.67331,-4.1579685,38.33181,-11.44503,-249.37018,122.52055,6.296276,137.72581,232.09966,-31.230797,244.75694,65.32593,28.757725,-36.00897,246.99207,-145.46638,-11.808189,-192.5297,-23.310966,86.96792,172.66429,74.292725,165.22057,-85.69379,145.88852,122.97766,-248.53864,-9.199244,-121.17316,-37.3242,-190.92116,-87.714775,-13.872993,21.357365,-121.78085,-160.17354,-46.67733,-26.6694,88.75189,175.01729,70.558426,203.71541,-123.46971,-21.923115
103.0,134.09958,91.245056,81.33421,32.292652,-3.410326,92.55382,88.0,-204.6901,97.0,68.54368,-242.92438,112.464096,57.118645,0.0,-50.58615,46.594353,-28.247353,68.473404,62.347637,151.86388,88.35401,1.0,1.0,-140.2505,243.39853,-35.529392,27.988386,106.1595,107.862236,-119.17784,-14.474571,40.8983,75.81052,-190.89447,-81.89296,-167.66222,156.98117,55.40868,0.0,0.0,37.487263,-134.2744,-98.52539,148.13205,-348.07538,89.9361,102.03961,-120.828125,-36.22019,-69.49286,-103.76457,-171.7358,-23.134201,55.119328,25.017813,212.58812,-107.3963,151.03906,-190.40628,65.20961,56.899357,-178.83328,80.97381,-19.493874,-1.1418419,69.54116,85.99721,156.19318,162.87132,102.631294,-24.084175,2.8549633,-21.532795,-56.4011,-221.72871,87.12857,4.7500515,139.46576,254.80582,-10.318539,219.3792,7.5336447,9.519599,-20.150131,279.3725,-175.56625,-0.17341805,-196.2423,-32.024803,69.22226,141.017,71.06445,127.25611,-68.71101,182.89206,111.42544,-204.56467,35.30295,-90.397285,-58.152267,-166.86206,0.0,7.691492,45.633373,-146.2549,0.0,-5.587042,17.863968,0.0,161.33327,10.997939,175.77579,-116.641174,15.0
46.795692,57.527523,24.030676,63.163364,31.501802,57.826466,101.528,-87.5167,-151.75099,63.498928,15.917257,-233.70435,143.13266,39.32647,69.58483,-112.52768,141.13159,37.99769,134.27963,138.5608,104.50081,18.978409,92.18336,111.7746,-141.46594,251.79648,1.8785934,43.480118,85.90486,176.04195,-136.93994,25.373022,92.05713,60.44767,-186.08173,-32.01662,-180.84013,188.65959,6.6141815,-102.13407,22.179623,75.137985,-31.999302,-97.98513,148.23038,-279.06012,-6.0978775,39.57503,-62.29184,-113.725525,56.57253,-61.603508,-128.96556,-41.54396,87.94247,10.270931,154.49667,-86.43433,111.04046,-144.27591,133.5242,35.12098,-112.98903,56.08756,32.582336,-71.18712,30.350498,36.661366,151.27783,118.21158,126.24672,14.56501,87.29031,-0.06585884,-103.00695,-219.67587,100.15291,86.20035,149.87134,203.57613,-53.833305,232.9274,-0.26709175,-16.533123,-77.82504,182.44356,-144.67871,-27.794762,-139.86441,-23.533993,113.46691,145.24843,123.73911,66.88891,-18.278084,107.0322,56.68659,-200.38528,5.447361,-35.590538,-24.881924,-162.4332,-112.604614,-16.988865,64.945526,-117.875,-148.9339,-52.15953,-10.278847,119.71373,131.47592,52.25577,178.57101,-112.69943,-54.08104
77.79776,75.83972,51.427002,34.8449,23.0,25.641062,105.50173,-55.557472,-142.71822,68.66182,50.627224,-290.6061,86.81381,4.3580513,89.54571,-94.816315,138.4538,51.99431,137.71384,161.23372,135.15176,27.32451,88.946,94.1861,-124.90456,209.28653,11.670486,26.733538,136.03564,140.13248,-143.12444,15.265186,58.022316,36.449875,-212.78543,-23.996674,-165.53831,198.9518,16.828129,-106.89111,-4.548704,71.1102,-30.758968,-100.94431,187.48192,-339.98773,-21.497616,48.80922,-55.074745,-82.47448,27.237234,-35.327427,-136.91821,-41.513035,51.635452,46.26387,167.87129,-77.529625,93.26947,-125.229614,105.77325,-1.6817245,-95.479164,91.54201,48.823822,-69.67237,19.878073,53.7527,177.66391,153.68423,175.61028,25.610897,62.16271,23.19209,-65.28873,-221.88013,119.54438,125.143005,145.55368,199.04851,-24.037022,231.89961,4.7324905,34.67988,-99.07672,211.01414,-149.33176,-9.798462,-155.55458,-61.579605,71.908676,174.68028,150.00545,76.34235,6.339573,131.10962,40.219986,-216.00331,-16.304523,-67.59708,-62.424767,-169.53067,-103.678185,-19.003868,24.514847,-112.64549,-187.19089,-96.92304,-18.8955,62.59637,177.34804,80.98256,222.74675,-54.228416,-29.512856
102.0,143.56386,49.19191,39.14451,16.0,-3.5246334,118.61745,-14.975651,-190.7505,98.0,42.625744,-257.72064,92.493004,23.972605,15.004103,-66.8808,22.075762,-20.344337,44.87155,65.33655,110.60923,106.8551,54.267014,63.09664,-121.56935,271.4482,5.6303616,-13.92395,168.22742,151.17114,-143.52605,-73.696396,17.103802,104.87474,-199.00494,-103.246475,-205.7974,173.49689,70.459656,-85.16412,65.417244,-18.657585,-114.597,-100.8317,171.0978,-380.2592,65.505646,66.25726,-157.21303,-44.503967,-2.8646355,-72.1429,-131.73703,-23.404404,8.766582,100.93919,186.02032,-50.42781,151.0913,-157.59138,35.524162,45.625275,-156.22421,115.65308,-32.476536,-19.859467,72.63646,83.85977,198.689,151.913,109.40428,0.14761734,-34.506,17.046783,-14.34647,-248.68527,57.775597,-8.061926,102.26126,221.54591,-6.421377,183.00142,28.222124,15.032912,-45.545143,272.9803,-150.44002,-11.040203,-186.91428,-39.63709,29.1366,133.84436,68.08096,142.6423,-81.94421,197.31628,122.44152,-206.91275,1.6511345,-121.637085,-23.861336,-158.92232,-76.1507,-14.0034485,69.15079,-181.60394,-168.06152,-6.5103416,17.260666,80.93854,171.36406,69.80296,182.8089,-127.09114,-25.343517
75.18949,76.1323,47.716972,67.38838,27.52996,29.832039,101.51798,-40.693615,-179.27896,67.45688,84.11635,-259.2476,152.8328,40.4421,84.707695,-115.460464,126.78199,6.288126,183.78598,156.994,128.92554,45.614395,121.65632,101.68885,-143.67172,229.52734,7.50616,9.652594,116.28315,137.06256,-163.41397,2.3351192,83.40129,72.61285,-212.53197,-57.701782,-182.58472,205.9672,22.140795,-137.12653,34.57381,20.703875,-39.12846,-82.51767,167.07701,-337.44873,-39.35128,20.61387,-53.091637,-107.98358,35.61329,-45.569237,-125.44301,-26.340767,138.85095,52.948128,162.3877,-85.00331,138.93393,-101.05055,128.97604,-6.5972214,-85.22651,53.89048,36.568993,-53.610603,48.249638,56.317486,162.93204,147.69208,144.98407,8.690711,96.75783,11.278035,-119.19647,-207.40044,51.43949,127.34501,133.84798,176.23926,-11.642139,199.52873,1.9620113,9.048361,-128.62494,185.19316,-155.88104,23.127747,-157.82007,-42.96604,126.56225,148.89252,141.19211,47.80419,-37.064777,154.52043,12.827141,-199.67885,3.4097195,-16.253414,-26.573254,-145.06012,-109.66333,-8.915199,45.445564,-110.44238,-172.23888,-76.87311,-8.846165,84.976425,200.03604,63.095245,191.88698,-98.346306,-40.80012
86.292206,74.25873,35.529682,58.614185,21.523975,38.762695,123.308945,-77.959694,-174.50127,77.56477,76.45589,-240.54037,134.17178,12.3268795,61.552345,-121.739426,127.14749,14.096306,172.43968,197.25517,163.71928,69.873825,86.49866,113.867546,-138.0653,217.2485,-13.715694,15.4846325,141.67633,107.51577,-190.8425,10.897935,87.27654,54.996655,-225.473,-1.7271557,-163.28726,198.83807,14.795622,-150.31926,7.493517,46.632572,7.805871,-81.303024,186.0963,-346.4177,-35.231064,54.83804,-57.69136,-106.458496,29.763638,5.1521435,-148.16354,-56.81286,120.1294,42.262527,165.31845,-97.49951,100.67195,-146.62526,133.60822,23.42472,-41.152683,38.53996,40.012745,-93.41629,64.38156,18.936258,154.54288,148.99103,131.74054,14.73488,91.298065,-10.636749,-80.95448,-196.65387,95.78876,144.20316,138.33774,190.41927,-32.406185,180.17068,43.67405,6.7922277,-109.9469,176.78888,-126.0004,8.139012,-164.40906,-52.84288,113.00109,155.6293,99.45074,82.35748,-13.044342,138.7525,21.70462,-192.23875,-22.763416,-58.78312,-42.830376,-172.43211,-117.63428,-55.31272,71.76221,-107.533844,-189.55008,-80.52166,-11.111809,76.78089,176.63976,63.29193,188.18633,-72.439926,-33.63132
71.46565,51.072365,56.702103,53.35215,28.684944,59.885098,111.34228,-63.57818,-189.57806,65.038055,29.645851,-227.4414,130.21588,4.4972115,43.33229,-131.92262,106.670166,28.314186,141.46445,164.12592,126.27345,27.055698,71.58648,128.67618,-111.13663,192.59605,-33.32808,33.853645,136.37111,131.76823,-183.8104,38.6912,48.84131,55.116867,-184.2703,-31.989304,-166.54794,178.10495,1.2751484,-151.5564,48.89193,55.451366,-20.199642,-48.934525,159.59697,-347.04102,-21.743362,39.22338,-64.430855,-113.11447,62.042007,-28.753387,-114.20766,-63.86608,109.43977,72.44494,167.81934,-84.908745,147.47903,-111.38364,118.09685,25.514477,-63.651093,44.851784,70.004616,-106.11517,31.655918,54.4678,138.1991,139.89764,173.43039,-5.0399265,66.96256,-12.381695,-35.631615,-169.31392,51.73259,141.37668,172.90547,157.83084,-24.796291,175.46378,24.306652,-36.882637,-71.63194,199.79666,-119.984146,13.982921,-192.24597,-88.176285,93.279205,166.24985,132.4628,62.810295,-38.79569,127.84689,0.5470505,-189.14581,-26.484947,-29.409172,-57.723656,-152.26875,-107.39833,-51.395027,59.950268,-77.355965,-167.57782,-88.06576,-30.25689,76.33856,184.48676,85.734955,117.567474,-88.67901,-31.163696
106.0,160.46896,49.24637,60.29811,17.0,-19.79713,157.83679,-4.0625916,-168.58377,95.0,29.885954,-232.15714,141.67795,33.454502,-17.837307,-72.29059,26.737362,-45.78808,98.04127,129.02975,89.516304,96.41337,68.67586,58.055294,-108.10802,247.0968,-53.515396,-24.241806,143.77594,156.09377,-114.32922,-44.95398,50.77035,108.56246,-105.03303,-113.027176,-197.4741,119.26039,32.738815,-86.97174,51.07235,-17.413101,-83.024574,-95.759384,170.15105,-343.51462,67.468506,87.89633,-168.77982,-18.209446,11.080743,-54.30838,-93.61371,-52.10318,33.434982,63.83952,140.8621,-65.39483,123.30649,-143.7084,84.668015,49.884834,-109.46324,119.2561,32.548447,7.9891233,81.385544,64.7666,196.67088,157.64989,94.78851,-16.009415,-17.14735,22.254068,31.270441,-228.66193,44.327347,8.965696,100.640114,255.39954,-54.627983,206.78836,50.791138,-20.646046,-32.17359,228.36414,-127.03226,-2.6713428,-131.20488,-84.20178,34.41509,143.7223,42.810455,99.03361,-76.54654,172.156,116.232445,-180.85605,-64.32645,-109.295425,-25.225056,-161.78448,-89.9022,17.389683,75.82637,-156.49222,-182.14381,-12.322773,45.19137,94.676796,146.92459,62.691467,170.87541,-142.34631,0.77589417
74.31421,68.42513,36.291138,59.073334,31.231781,70.17161,142.6714,-62.555763,-152.60881,54.346188,73.07088,-238.59042,127.563644,-0.92235947,54.69579,-84.566444,137.08377,9.641968,141.61522,188.53201,93.70549,-1.3779545,91.37734,93.755936,-155.54034,225.16454,-4.448818,41.926884,105.94087,144.85425,-126.99855,14.686144,88.267815,79.58465,-166.3581,-61.609627,-153.99388,219.1319,-1.6667194,-141.37732,52.41751,48.83422,-7.3252773,-115.06575,150.19193,-296.302,6.1729755,14.217642,-74.99855,-94.806206,43.972065,-22.341953,-121.03798,8.601921,130.6237,42.856716,168.29022,-96.804756,104.309395,-112.33429,105.39029,23.147564,-74.91376,76.43788,84.89595,-87.39417,14.39504,42.556602,128.84853,134.25244,172.87888,15.007366,41.075184,6.3119106,-39.11369,-175.5125,88.32826,126.15077,110.974686,210.8356,-60.22621,199.88177,-18.933907,6.7966986,-126.2881,203.10825,-139.69992,-18.26522,-171.44646,-63.628716,99.979294,149.65742,110.11172,24.230679,8.462497,130.48817,16.669333,-174.9204,-35.64583,-54.7819,-5.3391743,-173.37895,-128.50467,7.818204,76.86784,-125.02255,-178.81264,-57.91989,-28.329678,80.66458,153.14566,67.394394,154.39581,-116.22847,-25.713284
82.113205,78.49464,69.917175,64.97803,26.66927,24.859446,144.61906,-48.61734,-183.41728,69.60959,98.102066,-273.19815,94.99318,0.89250565,50.14971,-116.51526,131.4985,32.544792,173.5529,141.73074,149.07907,14.416916,97.09807,149.38828,-133.00372,193.94357,16.613918,44.715473,139.19354,79.008514,-138.40198,37.022125,63.111153,67.41443,-243.46167,-40.527946,-159.60944,191.83318,6.9760113,-151.41928,45.522316,46.09945,-38.57283,-88.1206,187.6191,-293.3318,30.359028,13.3859005,-92.8564,-132.29474,41.246635,5.8279324,-122.81731,-65.9094,98.56397,72.50122,143.88333,-65.768814,99.008514,-125.194855,162.87079,24.88002,-49.71917,55.403545,103.12608,-46.322113,34.64112,27.439068,177.92444,148.54349,135.4383,14.059038,83.2238,24.045029,-56.18769,-185.64777,64.30869,140.3381,145.41805,218.93556,-46.560158,223.40607,-16.288414,5.495739,-94.450775,184.61649,-124.41756,-17.45678,-153.4247,-68.30065,114.11176,163.12135,145.52292,39.214363,-8.877085,110.91281,6.0628033,-191.54366,-46.81653,-78.70828,-15.363197,-199.30537,-133.033,-6.820513,38.41942,-112.60669,-191.83409,-81.68141,-48.565567,94.32235,167.58449,107.84208,155.8411,-81.04985,-45.1901
57.93529,63.58895,56.160454,28.783,30.65659,28.14141,161.46156,-37.70458,-129.29114,63.7011,68.21509,-256.7176,113.29466,32.71685,46.722897,-96.50068,114.05686,30.57697,119.170944,136.68622,120.29067,-27.835682,57.46212,148.93356,-149.9552,167.71837,15.304762,31.923155,135.21696,102.44655,-149.1501,28.704893,88.131744,78.65593,-183.46516,18.977474,-111.97995,211.07274,24.759077,-133.16054,39.5287,39.009727,7.763775,-70.60399,190.58595,-319.30328,-7.5048294,27.37514,-83.321815,-128.68709,59.866333,-12.837223,-128.52661,-51.832817,114.44415,74.50389,147.33899,-65.360855,103.81205,-120.17317,131.80154,-10.695145,-53.859108,98.89883,123.97194,-57.77668,25.003256,23.758053,169.3193,151.23492,166.6095,-16.953247,49.859398,51.690117,-75.9849,-228.1588,118.17409,119.74219,116.045654,171.29825,-28.33939,221.06831,-0.14207649,30.096754,-63.72589,184.58553,-127.63164,-15.431519,-185.23502,-51.727493,113.6817,144.4362,132.84912,34.876465,-14.509872,124.8958,52.808044,-226.39934,-9.068903,-108.34036,-21.744984,-212.72063,-124.06262,-73.23426,66.86013,-87.92767,-165.28867,-74.59879,-27.115334,97.66339,156.8296,89.365234,238.98686,-135.48035,-41.586487
103.0,140.85977,31.4319,50.085632,17.0,-59.83889,203.70055,-22.09394,-194.69426,95.0,57.754696,-240.56158,77.356674,37.1022,7.0546236,-92.3257,22.816998,-21.221287,82.866684,46.495758,112.33249,89.51538,19.967812,57.597397,-91.68479,265.4715,-14.027958,-15.829109,178.53308,117.453674,-126.54082,-93.47441,44.43502,136.64189,-181.91133,-163.43529,-174.27176,146.10265,97.477104,-73.47057,93.43468,25.921072,-113.93274,-115.49762,206.49097,-342.5407,39.725838,66.422516,-175.29437,-30.314224,-10.295116,-64.01126,-155.78688,-15.083599,88.80008,61.141567,181.74767,-99.000626,136.5339,-148.11806,54.442448,66.6583,-152.05669,87.88899,24.644567,-11.986698,68.17616,46.543564,180.28166,203.30557,104.952194,-41.81916,3.6252728,16.506279,33.812336,-304.311,70.599655,-9.561039,63.580406,247.71306,-14.166763,220.56107,31.395714,20.123009,-4.917675,228.2794,-107.66652,-28.293457,-185.76584,-47.312347,84.27158,138.17516,79.56818,97.05432,-41.028595,189.12059,116.03871,-188.12076,-27.572792,-139.54509,-5.058979,-181.38014,-105.344345,-2.9489384,88.85619,-187.07642,-215.10042,-25.672958,16.67588,113.15593,125.31717,60.192436,185.57632,-103.48586,-42.660522
75.41574,39.013893,58.59489,70.206406,22.31016,45.63595,131.849,-50.281784,-146.7428,76.41951,45.02649,-262.45575,109.06889,16.38648,64.77914,-84.733025,155.56245,45.468094,117.36088,169.53502,104.50324,24.314806,104.271095,116.45298,-143.21461,214.05194,-42.564445,26.496807,81.88843,139.48936,-168.93777,-15.390011,72.40616,42.393383,-211.56447,-66.4242,-182.6071,159.46477,5.462572,-121.835266,7.4817886,36.158318,-53.87095,-110.16379,186.86665,-288.5067,2.905857,16.458546,-88.770515,-110.02522,23.632774,8.800016,-133.91068,-17.064789,158.52805,57.75534,175.70317,-95.24843,113.66332,-111.45189,101.751785,17.821388,-85.098434,50.851357,18.75724,-98.04111,29.673737,28.942327,144.0146,145.7044,135.94498,12.466923,54.800465,19.104843,-47.47074,-172.74648,55.257397,131.60468,154.69957,161.5397,-36.33814,205.03363,-0.8891754,13.639623,-109.90268,209.40555,-132.76572,6.5107727,-143.25095,-53.940224,104.3433,137.65448,123.64714,66.95059,-35.178047,148.32477,56.6687,-214.64284,-48.349648,-61.36229,-22.631187,-178.71812,-92.42883,21.937841,78.92439,-125.83035,-173.12978,-62.26213,-19.639511,95.17731,158.20047,92.530235,165.92635,-126.63945,-36.303284
68.848114,62.022507,85.6064,36.048847,28.611729,36.142723,147.95859,-30.889233,-173.16936,69.7832,62.4087,-238.79312,134.98825,7.388891,64.20624,-169.0618,94.76244,53.739395,149.84732,162.28232,150.07,17.935247,123.87207,133.75568,-112.58438,242.92325,-63.141754,59.19529,123.85173,100.68914,-157.16742,30.68591,102.057526,86.958176,-217.40997,-87.85447,-147.18356,216.81499,18.145197,-107.52931,39.031563,51.274956,-27.27731,-95.81266,203.08331,-323.14502,33.094437,28.00486,-72.542656,-120.21507,31.4031,-5.6581764,-112.655914,-60.482117,84.6708,53.95574,156.02655,-84.21517,130.5306,-139.64185,145.19714,57.64335,-90.47879,51.557655,84.88049,-77.08537,36.836117,9.8249855,153.5894,140.29239,145.28482,-1.9716568,98.74409,41.252754,-47.890625,-152.3855,69.532036,156.00787,140.81903,215.3884,-55.21911,218.91922,-8.538187,5.333208,-104.0966,183.37718,-106.17946,-8.758856,-175.26244,-53.586197,97.08118,117.00398,120.041664,47.186634,10.644302,139.69196,53.4062,-184.73134,-28.132912,-70.471504,-39.419445,-189.68954,-151.94585,-24.197079,58.16747,-76.02433,-183.56458,-119.86066,-3.2267742,80.996544,132.6552,89.55097,170.41913,-128.60475,-33.973938
61.43446,36.39123,46.89366,44.7801,32.01004,60.490513,104.74885,-37.16313,-139.75117,59.985218,50.013138,-269.8305,87.539665,12.503978,32.9634,-91.298645,72.42578,17.913294,120.017136,97.612724,157.88701,11.583678,89.40389,139.06458,-90.58689,206.44719,-32.202366,24.386877,138.3702,141.68729,-155.19217,28.555225,48.670662,43.16133,-185.39978,-5.58799,-161.73447,181.81236,9.609259,-128.34663,-9.3408985,39.074654,-12.441494,-66.08702,185.26855,-321.97278,-21.388779,47.498077,-74.96698,-156.55441,53.28533,-2.8234177,-100.66309,-57.526688,99.12772,76.43346,193.85452,-69.11867,89.322105,-107.06966,113.19058,2.6593819,-55.63813,60.16834,117.47285,-38.684544,22.571218,91.51351,145.02473,144.74844,175.61278,-10.649799,53.411087,26.600712,-47.924248,-212.55809,68.12304,129.3069,123.064095,183.85039,-63.66372,255.84634,-3.9890747,-10.074333,-60.98838,185.6464,-154.49164,-50.538116,-179.54156,-73.07953,59.411076,165.98659,130.919,24.287516,-16.477245,169.08972,77.31668,-197.0556,1.0043755,-52.742775,-29.309338,-209.82278,-134.5151,-29.766125,41.182415,-118.5867,-159.43858,-45.53578,-14.007645,98.79121,215.21202,108.424515,193.5487,-139.82573,-44.402145
112.0,143.31477,58.266544,25.830124,19.0,-30.770588,160.8221,6.9101677,-175.51335,96.0,37.014534,-245.84763,73.45408,25.941078,-15.911705,-95.15514,38.494713,-22.156384,105.38534,19.519085,138.22977,110.1773,42.991493,100.863556,-114.07759,263.33447,-13.5396385,16.225403,151.10138,127.83569,-144.23714,-82.43712,18.322247,113.17276,-198.04498,-134.27148,-188.2119,110.7218,68.623,-114.169174,76.57466,34.762928,-60.3508,-130.73605,161.50919,-340.16458,91.13355,104.54715,-189.47133,-57.009483,20.530653,-33.16507,-115.80664,-38.138077,54.114754,101.00911,163.36006,-56.9255,182.56027,-168.0543,46.834084,53.31469,-133.27115,153.28787,16.437378,0.0560112,83.19031,83.66591,201.37428,179.95392,110.306496,-28.300102,-1.9641438,38.32626,30.726572,-265.4627,45.995216,-20.34716,109.45435,262.08002,-41.27507,222.35986,44.058964,28.090157,0.64653015,244.76878,-112.88847,-44.970833,-180.58698,-42.462257,55.89227,197.16953,97.51933,118.45913,-94.23027,220.25533,151.35248,-191.14023,3.8291569,-166.00005,10.90601,-169.78397,-77.79246,-43.231293,90.18684,-165.17177,-209.56189,-26.028702,22.848913,85.20924,160.24477,56.245934,192.42249,-146.38382,-28.444103
108.0,126.0,65.0,63.342598,11.0,36.78,139.81236,-50.869583,98.0,96.0,4.534422,-244.18143,201.24742,114.98295,46.164288,-132.01541,18.922543,-25.004665,91.16211,49.046524,125.04138,61.167934,36.001984,33.90998,-101.81314,264.23877,-38.361164,38.999832,153.64568,141.74283,-149.26653,-111.89847,56.24501,111.93607,-149.96541,-135.87611,-184.09995,139.50784,59.290527,-104.31174,61.62675,22.954168,-132.79108,-120.60521,211.63858,-267.68896,72.91795,93.98992,-175.26978,21.151573,-77.20091,-67.15273,-128.6632,27.130291,37.732796,21.30878,182.29175,-130.34164,142.91629,-190.68015,-37.346264,42.301365,-206.92883,133.92212,-49.110237,2.0755806,90.461174,100.17673,212.01111,157.24794,73.33018,-51.08333,-38.307804,22.110249,31.27227,-232.11504,53.913013,-31.041416,146.78682,212.51787,-7.573906,226.87599,5.1356277,-13.466259,21.23316,285.43356,-186.91844,-6.882431,-134.52388,-32.86421,19.11035,156.4621,90.26782,178.4532,-94.77283,159.69695,179.03107,-188.13094,24.623857,-108.39055,-0.9644699,-210.28735,-41.574593,-20.989437,69.023186,-225.5226,-203.33336,4.164833,31.885948,54.076874,188.0183,72.009964,169.54958,-110.908875,-63.63038
77.08357,67.007744,21.52209,68.34357,28.667461,38.176052,126.04817,-59.36653,-171.17043,69.552155,21.21035,-244.02176,112.879745,-2.9262657,93.293915,-99.14719,112.26386,-12.036819,176.24097,130.28781,148.9373,21.154129,134.26633,128.09897,-146.28188,252.37274,-20.387081,38.192776,109.76394,150.20056,-196.3662,3.3070488,60.780426,64.97418,-214.42479,-98.24734,-166.44193,174.4467,31.666214,-170.41328,-16.160961,61.260807,-40.78247,-110.61224,187.25658,-299.48737,21.24953,56.937977,-70.32673,-74.47697,6.2997723,-42.13743,-132.61163,-16.913216,136.27782,35.74159,192.91702,-92.42264,126.696045,-145.9146,93.46323,46.307125,-95.563385,48.829594,44.98693,-67.69341,44.59832,49.24736,134.89687,136.99709,145.69362,2.2003727,83.57723,30.14317,-49.84179,-182.66164,88.00687,150.74057,138.49811,214.40067,-22.906384,194.11583,-7.599962,5.0064545,-76.92662,195.53204,-162.35207,-24.685757,-119.91594,-30.251644,93.92582,151.42883,140.15076,78.641716,-8.30551,135.14792,56.95039,-194.96768,2.4034786,-45.28882,16.932135,-151.27039,-106.62648,8.263855,72.76593,-121.79709,-175.9377,-109.68744,-41.5136,88.139755,203.35176,63.771515,146.8259,-109.537506,-42.497215
72.51434,42.53756,56.702568,27.177456,30.652653,50.41837,133.74554,-41.66255,-167.93121,85.22984,23.00009,-263.1195,97.56224,56.042755,48.75098,-115.2354,142.9264,47.741165,191.73358,147.54637,138.90817,25.293667,93.64671,103.03006,-147.8498,213.30232,-26.374481,41.39316,135.68253,106.70619,-162.15326,26.132023,99.32064,71.465546,-177.98502,-66.45758,-184.87997,169.42578,-16.192429,-162.08263,34.00181,40.11879,-9.754356,-98.15408,209.80092,-318.9207,29.603077,16.667406,-110.30347,-100.550095,28.261082,12.02227,-117.512436,-54.95041,142.8934,30.914062,202.02509,-112.7225,134.05325,-122.250565,70.154396,54.65479,-104.132576,52.149868,59.177776,-72.22489,33.649624,45.009247,127.1264,149.56055,147.87735,-3.4457054,57.60232,36.633606,-44.04918,-156.99475,84.25771,140.64859,137.00803,174.88322,-76.917564,203.89417,-13.553925,-30.060272,-118.67035,215.11469,-141.68553,-2.1509476,-178.18382,-56.15815,69.99553,178.6603,147.09125,50.97409,16.68718,144.46388,47.72178,-203.22398,-20.626034,-0.8976288,1.1078091,-185.05133,-124.051956,1.6687374,71.51706,-118.95732,-176.6492,-84.53559,-36.075104,62.672886,170.88385,94.23323,148.80899,-136.79689,15.0
103.0,124.70125,45.091637,51.538677,17.0,-1.7924767,140.47737,-39.140175,-215.44131,94.0,68.53363,-219.44176,56.273968,41.58875,40.170868,-92.98255,18.910011,-74.25963,109.035194,111.38691,106.089966,111.56624,40.45046,60.4564,-83.44129,263.13156,-56.828484,27.964478,117.99752,92.95214,-146.08711,-77.94894,51.98444,100.80985,-212.2401,-192.92194,-133.90524,189.33714,62.615265,-96.9998,106.00583,26.039194,-129.12549,-120.65158,253.97946,-326.10745,85.86798,93.99944,-170.91345,-36.85326,-31.254936,-50.20533,-121.13226,-33.486885,120.0819,26.141052,167.75302,-102.43414,163.32329,-161.1294,45.841087,58.512245,-134.30511,65.975815,14.513702,-35.62495,88.484795,44.116398,127.96734,178.87738,122.69513,-42.704063,-5.8674145,22.050707,70.67857,-242.56012,94.29858,0.6295357,129.93823,236.58188,-30.866665,212.51715,28.4926,-5.327591,-24.182705,247.0457,-122.46973,-26.242645,-188.34639,-41.279415,44.932655,124.50659,74.25327,117.873085,-22.869629,177.53473,70.34598,-195.63148,-23.625347,-93.88235,3.8817558,-203.2623,-75.04478,-3.817274,70.45413,-157.18422,-220.12471,-54.57776,-6.123213,86.53368,138.92178,74.65506,161.27325,-116.40735,-36.405373
85.76535,87.77039,76.564354,36.40468,21.713373,65.36946,124.82996,-40.39656,-209.56181,72.865906,23.542843,-262.97562,116.618,22.752941,95.01713,-119.24109,145.98993,56.086082,166.04147,209.00635,140.85767,16.335905,111.038124,108.17401,-155.15565,197.01433,-2.3229313,43.25272,100.89358,81.465225,-185.20927,1.2351398,62.706917,116.18495,-254.16815,-97.32252,-162.9369,192.18704,-14.207169,-128.3691,44.881413,72.661125,-47.425858,-79.436005,216.13998,-297.75745,6.280195,45.111736,-101.12465,-123.67859,32.98215,-15.537773,-100.83126,-59.74308,124.18159,52.641724,147.22067,-62.79123,110.880554,-138.58965,93.41043,18.632284,-60.07,36.19969,66.97772,-72.45008,48.888416,45.01818,116.47202,140.15028,138.04384,10.490447,97.05405,41.761517,-40.599113,-183.99382,92.26084,125.16898,109.748825,191.98032,-62.486374,207.86728,-34.080334,-77.653946,-106.89703,221.69847,-121.780136,-5.207964,-149.39043,-57.05715,79.73204,137.36826,117.071686,58.30222,18.051851,161.80507,35.283432,-202.85107,-56.0813,-37.48383,-10.326878,-171.5973,-116.59563,32.918507,79.103424,-93.54684,-175.39873,-94.15893,-31.765377,92.7211,155.63248,71.49507,165.10013,-131.92465,-50.96698
84.9243,78.69886,54.998856,50.831375,29.294716,41.1947,157.49449,-10.051403,-157.91188,68.39024,69.57239,-253.87115,67.83635,15.280899,77.75479,-117.52931,139.43436,20.536243,184.90584,210.80872,100.177605,31.408306,89.763756,113.565155,-93.88271,215.59798,10.506039,20.585812,103.2571,136.15771,-162.0227,43.00797,55.91347,99.39435,-199.98846,-119.56955,-169.61656,162.9336,2.7518902,-127.01665,68.512436,39.643417,-15.742859,-66.26516,229.69232,-272.84796,16.071232,67.437225,-121.31456,-99.99239,56.851234,25.911419,-108.10133,-74.332756,128.35785,60.981316,180.82622,-102.068214,116.32554,-137.36684,144.14177,42.195316,-61.19954,58.31509,101.5745,-88.23355,8.298919,20.953516,148.37569,144.02655,139.18489,37.28012,86.776474,20.925018,-3.0924644,-176.88268,87.08582,135.5799,143.97806,196.57181,-95.021935,196.94675,-25.74989,-57.468178,-100.26733,164.9988,-105.93109,1.3000889,-189.37247,-61.500977,84.11481,138.5144,111.32272,58.558365,16.556538,121.49584,-14.928486,-151.55342,-25.476212,-69.01689,-22.448608,-191.69312,-125.72014,1.8647156,72.14832,-70.4104,-195.7541,-93.36959,-26.53104,86.241234,138.79897,75.5054,172.48103,-107.40358,-49.767128
79.87195,52.639023,35.06858,40.26402,26.327953,25.852318,152.24274,5.2238617,-152.57904,63.20571,60.976948,-250.24438,84.276245,29.409695,47.288605,-132.55759,165.5163,27.112602,172.91208,179.18242,103.81912,34.910393,87.456535,154.27975,-136.22725,189.48074,23.483152,40.811867,114.55183,129.39375,-175.86292,46.021797,68.991745,75.72818,-206.63457,-76.28419,-151.33315,191.52603,20.06334,-130.33826,47.689545,77.09338,-0.34741592,-81.45209,246.20184,-289.74286,8.108413,12.952635,-104.58905,-121.16797,59.48351,-32.31259,-84.48949,-69.836334,111.011475,41.425625,163.04384,-47.823814,121.66657,-138.11015,154.71704,52.363197,-68.680145,51.144615,113.45925,-77.73962,55.606174,54.09835,126.08291,150.23215,124.62206,22.787966,72.37224,83.60971,-28.437057,-210.7415,11.392751,138.29068,108.566475,203.56836,-79.966484,230.99097,-0.31214523,-39.12087,-110.83768,173.7887,-102.41299,-6.667223,-132.0583,-69.48732,86.631905,149.57098,111.833954,41.744694,-22.24739,112.74051,7.112091,-204.49144,-6.115223,-64.38568,-32.767113,-211.10439,-147.80669,-38.235214,64.31598,-82.57259,-158.58434,-81.638855,-15.750603,79.78105,172.86745,67.07381,204.67273,-105.33544,-42.705368
104.0,137.65036,52.171024,45.747566,18.0,-32.79609,160.23311,4.3239307,-148.44348,94.0,55.288227,-234.8635,105.58574,49.267307,29.829163,-75.58487,46.68299,-40.77743,96.59057,103.17203,91.711624,74.337234,82.17119,83.31294,-67.77343,256.8167,-10.170166,-10.999908,131.23335,113.26013,-141.5469,-52.553642,53.479195,112.70856,-122.04068,-207.73712,-185.13077,90.48126,57.688076,-50.960007,50.95835,29.698526,-85.677444,-71.20788,183.21893,-261.97974,98.576035,85.92773,-174.74405,-38.212646,0.30481148,-45.53675,-86.99578,-39.530277,66.14256,56.372513,174.44145,-92.03864,136.22485,-177.78708,37.69216,54.79697,-160.69359,107.67725,36.606792,29.617981,71.71106,63.250446,140.84412,144.25931,82.892044,-15.327999,-60.353676,41.925972,80.16214,-260.51407,29.795162,34.970253,113.7175,243.51411,-69.144424,170.90251,14.189922,-44.807663,24.836142,237.6103,-114.6017,-26.414032,-122.56802,-86.07995,48.016357,121.72076,58.212048,129.06064,-100.48684,189.66487,112.56832,-137.49199,-13.766949,-119.49751,-24.791069,-182.8062,-81.15873,-12.965626,77.70599,-186.85161,-187.09288,-22.679428,40.311752,74.20793,164.7594,49.154266,195.12479,-135.64522,-25.533688
80.70237,68.524864,40.314117,44.07836,28.980062,30.183525,151.73999,-79.63569,-144.29277,71.30719,41.931065,-261.00418,115.986084,43.638054,95.59141,-110.61014,108.879456,23.167322,165.29643,176.3124,103.89322,20.814413,132.27151,78.83684,-136.97697,226.7594,6.5924883,7.0743923,120.16485,113.79752,-195.72858,-7.7785873,103.53648,55.616932,-104.076935,-110.22928,-187.0279,186.54018,-10.282364,-124.84001,30.228062,13.973772,-62.558548,-78.791504,183.98503,-237.94379,-0.7165222,30.06669,-105.20822,-72.064285,32.572754,-10.673595,-116.54248,-47.09658,113.33235,65.9372,133.27573,-45.48374,93.328705,-116.72418,102.7107,31.40759,-68.936165,46.989,48.573856,-69.7651,57.652653,16.450783,100.5171,128.05588,106.47668,42.360813,86.441536,10.887106,-29.227234,-142.35188,89.46088,144.9697,53.199585,196.1012,-62.707718,178.90302,-8.900894,-37.13228,-103.25696,192.01863,-139.76903,-36.363842,-127.83177,-59.87137,104.47341,165.86714,123.766045,66.21123,18.517714,142.41728,39.512592,-168.5358,-53.619026,-20.137943,-26.95015,-169.67148,-109.048004,11.452414,27.661928,-102.580635,-191.20059,-94.400635,-10.8116455,30.17314,140.58264,58.60146,224.74707,-81.36937,-33.587204
126.19012,80.73328,55.957615,54.705425,18.525658,28.355974,91.40378,21.229538,-151.50064,71.80472,-11.799759,-201.6652,88.666336,11.279758,99.49399,-195.44856,132.35764,-10.011379,207.77847,208.67525,164.63786,72.86193,122.15411,79.183105,-77.95325,195.29381,41.255844,15.763889,57.201725,36.758472,-144.8832,-5.006815,84.96701,90.23735,-120.8522,-67.32113,-203.62683,159.65192,-61.792007,-83.18126,95.840744,74.32303,6.3134193,-24.90955,209.38853,-275.99567,109.33583,12.5,36.0,8.3,109.0,0.6,131.0,1.9,140.0,12.0,9.0,1.6,13.0,3.9,22.0,326.0,12.2,29.8,1.1,-94.09526,36.0,22.0,93.893814,1.6,9.0,109.0,131.0,3.9,140.0,-112.86424,125.94158,106.06322,72.64083,147.048,-83.805275,146.83746,-20.15673,-145.04695,13.2,4.23,1.1,85.0,0.1,0.7,0.7,89.5,34.8,29.6,9.0,84.65782,-54.663383,-90.96379,-75.88128,9.0,19.40707,-113.915344,-83.71763,-36.5759,80.013756,-20.369339,-168.88123,89.5,-56.411667,51.553032,192.23557,36.22014,128.82541,-9.235319,46.453796
66.89807,66.81015,38.362984,58.770634,33.8916,49.809402,113.431366,-17.734287,-164.4508,58.7521,97.7343,-228.78151,54.811424,5.8861237,38.84033,-122.75343,117.9877,51.041626,183.90689,129.76184,158.15822,10.844046,103.53056,121.04077,-116.2334,178.0936,8.574825,5.5858536,103.362,112.798904,-156.61458,26.256607,64.70331,45.369587,-209.59807,-60.760574,-136.82877,204.92404,27.46863,-166.93484,1.6801815,50.525627,22.214483,-57.397987,214.54608,-306.3095,33.417484,47.32699,-78.968544,-125.31572,56.996357,-27.38807,-71.94423,-52.98353,153.84914,44.67807,130.05464,-78.03427,97.80886,-125.52927,158.79,47.626835,-43.832024,82.952545,164.80212,-97.10638,12.640502,60.025784,113.60523,158.94437,165.20729,44.033432,83.01462,41.93948,-61.614784,-171.0544,98.2766,151.1515,182.84467,188.5113,-76.47586,207.88121,-31.558174,1.87187,-45.353928,209.25035,-108.477554,-6.472107,-180.00966,-80.453964,85.96617,158.51527,115.578896,64.3634,-12.993637,124.94726,19.505949,-200.82915,2.8733196,-94.00309,-74.638435,-217.51569,-119.76117,-48.498352,80.71677,-74.15309,-140.6437,-106.4397,-58.12388,63.625443,210.9906,78.587,203.0644,-94.90609,-24.36726
93.0,103.23921,47.331753,16.189285,22.0,-9.898121,145.06049,-0.097696304,-174.12875,93.0,60.33559,-204.9976,29.678398,44.388474,-6.428299,-58.586823,66.87398,-25.177464,105.158005,91.56196,135.85504,63.55284,78.56713,60.00984,-84.82364,217.68076,0.5833435,2.3968315,124.37561,103.91742,-99.38848,-32.1483,27.052406,123.5791,-205.12704,-156.89209,-162.00122,175.0239,61.079563,-89.111374,24.587622,51.886513,-110.7222,-81.38844,189.5767,-316.81396,141.89029,96.0635,-158.43155,-70.953224,1.0358524,-69.00443,-151.22745,-54.375015,67.63214,55.022034,180.59425,-91.06845,161.185,-150.06482,60.858803,99.42959,-107.04257,111.40461,46.99471,-36.148094,66.666504,57.586914,171.11691,158.08716,94.52577,-7.4463787,0.106126785,25.82001,3.9378414,-252.76117,93.45397,-6.256233,93.84679,207.3644,-62.62451,198.58345,0.4032688,-7.4812756,17.301237,218.53499,-131.5749,-29.626064,-162.15407,-48.93412,55.087246,159.64919,53.892593,97.00501,-65.33559,115.145836,84.680115,-198.56825,-4.352936,-103.73876,-25.905262,-227.69203,-103.44031,-20.886703,59.02838,-102.86452,-208.20253,-4.65135,-19.954632,60.602528,175.47188,21.203362,173.01782,-135.1376,-32.10908
71.73346,68.136795,73.587975,47.043983,27.772427,52.93911,87.23388,-73.57127,-186.25699,64.20176,55.7862,-241.74066,131.14203,21.974085,100.33636,-71.47629,129.65112,32.49508,118.19845,194.1189,130.34094,33.19445,112.8568,75.494095,-131.22926,210.53207,42.709534,55.32262,95.95026,122.64859,-178.71016,22.113111,102.32765,65.87455,-197.70216,-63.523857,-177.86313,175.08698,4.6303387,-128.5884,44.41162,62.014637,9.126341,-82.10757,157.03996,-259.96298,19.79953,33.552948,-101.6237,-99.181595,34.392296,-54.998123,-116.53833,-52.40757,144.85654,38.195297,151.26859,-94.63764,113.61367,-109.33266,125.310646,28.184732,-79.67734,51.913826,63.222298,-83.95358,24.535593,35.59655,143.7059,160.4815,135.71371,7.174429,78.77557,10.667528,-62.29978,-201.80075,59.235096,144.31458,127.48696,179.40175,-57.551865,197.71565,-3.480898,16.229694,-95.95557,172.2732,-114.100204,16.263538,-158.95049,-54.307976,105.72561,148.97821,96.1115,66.014114,-11.4135895,138.13853,25.641512,-202.231,-55.375267,-33.678257,-59.59413,-189.55405,-142.5433,28.747034,52.075058,-112.05397,-195.12123,-77.61954,-46.112946,47.565628,153.82419,87.66635,177.10779,-126.75801,-30.280052
75.59839,77.90904,66.493164,35.637653,24.79866,16.216099,100.236984,-47.41931,-188.67062,63.050957,51.97773,-234.8634,108.81757,2.4582424,78.994995,-101.65965,145.26614,15.19643,187.19664,186.47522,145.82292,42.281574,105.667946,117.70478,-148.77231,187.65005,18.920403,51.053917,142.45784,89.05992,-197.284,23.512516,90.52881,51.60976,-198.49202,-86.75476,-159.14671,190.26685,5.980545,-124.85901,89.118835,44.186142,-26.616058,-104.26372,192.88422,-274.60928,30.719524,33.244453,-88.60492,-157.2363,63.807262,1.0716438,-103.078995,-98.66698,154.72725,61.37996,130.62012,-69.19509,106.25343,-96.15175,144.07233,38.625984,-57.058784,36.54922,100.46563,-122.51869,1.5188885,31.024723,136.2536,149.30295,123.589836,-5.8881874,76.55882,48.8775,-34.93924,-201.18489,79.02783,173.44862,124.52551,216.76042,-56.834915,212.3705,-37.087795,-34.41036,-70.51522,178.32481,-100.90681,-13.784626,-128.99579,-98.6109,93.127,154.98279,115.610725,42.618347,0.17627335,124.44071,15.224493,-224.97728,-45.88257,-50.670074,-61.674744,-201.01703,-134.52841,13.864152,64.43126,-91.25349,-192.39452,-98.388664,-38.335133,95.96197,167.01714,102.22653,193.17831,-133.6339,-44.614548
69.120514,59.27453,42.286892,52.245567,30.432005,29.281847,123.465614,-36.470818,-168.86134,56.758648,65.73253,-233.5654,80.725235,29.689236,45.440506,-84.26363,90.821304,16.527378,185.08052,179.18196,122.37846,29.833742,147.1307,135.41388,-144.13315,211.87398,7.5226183,24.98239,138.90709,107.793945,-187.28772,33.800266,109.80266,61.365425,-236.69794,-59.715187,-137.03804,211.45901,45.52265,-137.50833,79.416374,45.064587,-2.710163,-49.03321,197.61159,-309.29703,34.1044,29.206097,-97.54155,-123.6198,50.166107,-1.631094,-120.35066,-62.17891,101.321724,88.10419,143.67676,-90.53716,119.96607,-127.19096,142.43408,49.432068,-66.32726,75.47039,89.92341,-143.26317,19.296589,49.6454,123.07836,145.84708,155.85088,7.1054726,60.04646,25.407217,-14.6468315,-249.88095,70.052025,155.74756,135.16783,263.82544,-92.86884,250.26474,-20.792976,23.195433,-83.501755,182.20952,-125.45624,-7.942089,-172.10417,-82.46863,103.84988,162.66173,112.0361,65.464615,32.746113,110.63181,30.41516,-224.6101,-25.650711,-85.85388,-27.750042,-214.99207,-126.10042,-11.32452,35.861202,-82.65912,-180.83797,-124.91559,-78.78249,68.623146,186.56248,100.63363,215.07178,-79.093,-26.07449
83.0,113.06823,45.32648,44.622772,22.0,36.61,191.16994,-4.6992645,-193.69301,94.0,95.11886,-250.07013,45.160004,26.6078,55.478004,-58.16636,55.335155,7.931548,119.81547,80.1895,174.50262,83.47715,59.890865,95.394455,-122.339355,224.82454,13.37529,34.55384,116.504875,75.898125,-179.42955,-110.03674,13.617892,135.44281,-301.6728,-136.00414,-177.21474,185.1812,105.54208,-30.605995,84.59329,35.62297,-98.02214,-77.46054,284.3669,-353.08896,90.713066,82.00896,-152.50967,-68.09799,4.804434,-56.727898,-152.47516,-16.711254,49.338318,65.31178,149.45712,-78.99893,154.304,-136.95335,69.09505,77.36604,-137.3375,117.934586,52.468727,-112.371445,108.75914,26.676685,150.29672,167.06897,117.6642,-26.558216,-17.269135,40.72846,32.331497,-265.9921,98.784935,114.23472,26.336262,232.01007,-70.495476,238.99895,35.303192,-25.777,-6.3603134,279.71194,-96.1539,-38.429348,-181.95323,-80.39583,111.61996,143.72453,95.76081,67.22666,46.67591,199.18108,78.060844,-215.4669,-46.312325,-111.49835,-5.6586666,-224.00867,-92.940865,-12.825108,34.448257,-123.23576,-193.16628,-47.093956,-19.36581,91.366615,122.88948,91.44071,246.40527,-194.20332,-62.237297
62.51223,72.894226,51.97619,59.310112,28.090946,39.403,145.4107,-18.89811,-158.31781,69.83287,70.08412,-263.56796,135.4515,-12.923195,67.11854,-76.15038,165.1256,42.02422,160.2543,120.33083,131.20592,39.166405,82.97431,101.435326,-135.58405,214.64186,19.453968,26.460981,39.303066,143.35004,-159.54485,9.563542,78.4191,105.74488,-190.34325,-38.808666,-154.15283,184.18338,-23.12622,-104.61393,37.719994,53.047462,-19.17559,-63.605186,166.87688,-298.2305,-26.061253,42.445976,-76.23247,-112.88699,60.20433,-0.71886253,-133.99924,-50.69776,121.59587,38.158134,134.71652,-112.13054,99.86025,-108.16899,95.70874,25.877323,-54.33922,75.14403,80.77136,-79.76304,20.969362,54.968136,137.13313,120.92662,153.37987,-4.2931767,87.364204,13.13663,-72.960976,-199.24182,50.881256,159.18147,115.7106,197.04787,-88.64274,196.65868,-9.240383,-30.296665,-73.77926,180.82654,-150.81941,-4.00358,-169.10548,-17.335243,95.922714,156.17995,95.89419,48.410904,-43.27929,139.03583,50.291664,-207.40854,-39.607475,-54.51027,-65.17653,-174.23831,-122.76692,-14.508289,63.245842,-109.7838,-170.58984,-92.45485,-9.961731,111.887115,176.98659,86.56622,210.20349,-141.30736,-38.28973
70.92485,72.55994,36.424763,29.616096,23.299116,25.680069,146.59639,-13.928528,-161.48592,74.435425,59.93461,-299.5977,95.70046,-10.629215,44.384575,-65.84966,111.213356,0.00067710876,181.81914,163.51257,115.55452,15.947868,95.06981,118.042114,-116.899765,181.82153,27.046757,70.53116,137.56602,124.28925,-155.54298,35.246517,51.786034,83.902306,-200.06248,-53.73449,-161.8093,175.48354,2.751587,-101.570404,25.882183,31.657883,-21.561806,-67.12084,190.46594,-280.42914,24.616423,30.294424,-76.87408,-113.61133,26.068764,-23.083828,-125.251205,-34.48321,137.68687,76.039276,115.69466,-73.95052,110.91436,-97.11515,149.61838,64.432785,-83.75904,71.73537,139.92075,-71.90471,48.379654,59.767998,115.723145,114.03124,138.80212,36.612476,89.693085,24.003847,-66.72087,-205.78102,54.790554,156.41197,152.56674,211.08504,-80.93612,236.85513,1.7134857,-16.07087,-85.1167,161.3924,-130.5487,-13.755287,-178.75177,-63.476273,100.6152,172.74371,109.93732,57.241783,-8.892189,142.02112,46.96255,-186.61118,-90.30276,-82.94882,-44.871635,-191.2422,-132.16212,21.85256,64.52672,-103.48524,-171.86728,-89.27901,-35.819786,91.24319,176.71257,99.95275,192.45273,-104.96571,-14.084862
61.595108,38.18826,41.454185,40.18952,27.001741,37.803738,139.10968,-1.5231514,-179.47716,66.50229,65.86406,-263.3613,57.174946,23.774973,69.59448,-128.02226,102.139435,-0.9722843,195.18417,136.58687,97.818245,24.600878,99.65464,140.00797,-136.59,217.68022,-11.078384,46.586506,107.35243,95.623924,-160.7159,42.899544,93.33697,81.84044,-180.70317,-97.40494,-137.1535,202.70558,34.64142,-125.70149,41.058464,51.819305,-19.534492,-81.290375,229.39194,-311.7519,12.853651,36.656532,-88.706314,-129.00621,38.91121,11.606522,-117.74495,-54.777718,104.67254,43.60978,156.79652,-82.57419,105.69858,-129.02919,118.61624,19.927698,-48.94436,68.50543,92.10729,-76.06028,32.97914,34.290806,120.05159,153.48659,148.12325,6.7706966,61.87814,33.065468,-20.813824,-229.91866,60.302868,148.00388,116.60526,247.3678,-102.81422,198.90546,16.123827,-26.884003,-74.16304,182.27708,-164.43356,-46.369797,-175.09206,-56.670464,58.039124,201.53268,124.53252,32.119404,-10.7494545,159.50386,43.66082,-237.91129,-32.68671,-75.10258,-14.132751,-243.98462,-130.16685,-16.22446,59.588776,-101.77208,-173.24577,-94.58999,-30.40839,110.462265,172.5656,87.697296,211.16592,-133.31577,-40.96935
88.0,119.4269,51.057396,28.368523,16.0,-27.052105,180.99265,4.3656883,-175.47632,97.0,76.28116,-251.41318,94.14804,29.398855,44.073875,-116.62184,46.696922,8.114264,59.49697,103.98651,122.6219,50.19935,77.01726,86.236534,-88.63454,221.46486,-19.604134,22.211866,104.34199,101.5874,-120.01434,-33.9363,74.12381,135.57878,-213.62556,-135.55228,-161.8476,167.78036,62.1336,-71.99191,39.464066,36.247597,-136.71014,-81.80578,258.1023,-322.2749,66.96052,88.75208,-177.21796,-61.932076,-46.177902,-4.729187,-162.22615,-28.902714,32.342014,86.21376,126.25764,-120.874954,161.8435,-158.73317,91.205086,49.77621,-123.19331,134.98508,17.921911,-49.770035,87.398834,68.65244,177.37819,192.44061,114.445786,5.030203,12.8643875,33.05358,38.237747,-232.42929,86.13538,17.791595,119.62266,280.57596,-66.125496,184.7185,-10.012905,-33.56939,-0.5014324,232.885,-144.53354,-22.0845,-193.79228,-44.41269,70.805664,179.09244,79.01162,90.287254,-74.04944,200.39415,107.87678,-197.43665,-36.44941,-117.06766,-9.763515,-240.9638,-90.00082,-20.063168,93.79044,-137.02916,-203.98167,-45.46901,-15.022087,103.47011,160.0498,64.40521,214.16101,-180.26245,-45.35202
73.79799,52.84764,64.39152,81.00998,26.324312,38.098343,122.46497,-40.23005,-150.70837,66.81769,56.31532,-222.59686,96.23428,13.020617,90.66259,-111.58943,123.194626,6.9848185,152.89644,163.05977,105.20713,27.721539,105.33379,105.85019,-131.38322,192.15315,27.644619,5.8514557,120.94658,174.30684,-183.16739,3.5867672,93.257835,72.737366,-155.58977,-89.56465,-177.28027,195.10512,34.248997,-116.55144,4.3408585,50.45912,-14.535408,-101.15722,167.67982,-298.04745,-7.1688614,65.22136,-59.122055,-106.37492,21.868538,-23.061924,-154.03098,-34.503567,131.63748,37.528404,197.5248,-91.51404,139.10077,-104.49363,129.9129,45.753017,-42.75782,52.09739,79.30283,-84.30634,53.65235,54.52966,136.77649,115.552986,69.893326,10.772525,69.78851,12.488566,-55.98764,-183.66379,50.24771,174.02948,123.01967,158.43779,-55.87123,205.01753,-18.729221,-10.098694,-87.36373,167.17072,-145.33656,-28.93534,-143.90036,-86.326385,117.25262,160.17026,110.68797,65.0437,-15.854897,106.20242,15.34935,-175.22778,-73.79512,-56.785423,-10.459297,-206.15732,-108.59538,4.8840637,44.880035,-103.1425,-185.10312,-13.835831,-45.889816,85.93444,153.03325,99.94717,175.80052,-82.884674,-22.713577
75.58368,74.782875,64.939026,49.67557,24.937763,44.78016,100.017456,-39.275154,-176.39923,56.776146,50.802376,-268.53674,77.80691,-14.83984,35.44619,-119.19484,126.6564,26.199713,144.55667,127.46934,164.87048,17.12561,70.301285,145.13281,-148.42053,205.9339,3.1348953,47.28325,115.19299,134.97913,-165.98186,71.641525,92.71388,89.6913,-202.27359,-7.9718475,-176.91092,168.16429,7.2340546,-107.90947,19.033236,55.870163,-9.159601,-73.74187,208.56096,-312.10846,-0.4003353,40.515076,-115.52435,-127.26413,37.223045,-18.474411,-123.74245,-55.048576,155.89655,77.40013,170.82565,-107.39888,120.30385,-109.17822,142.40553,-14.645058,-22.34586,102.496254,100.01672,-110.18068,2.0189972,57.281334,135.88132,163.8283,161.01881,11.0148115,66.95044,24.724237,-19.99561,-153.73636,66.807465,170.71805,125.3919,241.91919,-84.7619,177.04005,-19.951027,10.425256,-140.95424,171.41127,-96.80379,-28.687004,-177.26628,-71.94709,110.80769,171.81462,114.165085,46.876167,-10.549942,114.91594,62.75418,-210.97142,1.4507904,-39.472202,-85.97085,-208.25479,-138.91342,-6.9345093,79.11838,-104.401886,-194.52359,-110.58258,-34.208763,85.7567,143.53268,68.67348,198.38116,-130.87381,-57.957596
58.182743,50.352753,52.134636,50.113552,31.59603,29.193787,126.333,-26.600903,-165.99959,62.485962,56.9913,-264.2883,65.39092,39.89744,59.31559,-91.332504,90.806786,49.91915,167.74574,125.820206,142.02597,19.547428,80.24895,114.788055,-125.03464,185.88145,12.839661,26.162533,121.72455,107.54524,-172.22888,13.367378,64.59642,71.06333,-235.40634,-33.904144,-123.198395,182.22287,51.116096,-151.03163,53.759087,35.2118,11.148377,-87.71128,220.70276,-269.10962,-3.7854843,31.832804,-92.82193,-136.12093,32.922752,-41.59046,-97.766014,-56.754875,135.40424,70.80969,172.78935,-59.972374,97.639,-96.58303,129.11024,32.304176,-5.4735394,63.90158,114.635185,-91.57989,33.309258,53.212555,143.04877,119.56408,146.693,13.185159,112.34792,18.225727,-11.402546,-175.17014,60.784115,183.00433,103.19081,246.67126,-107.07683,178.49556,-11.076565,-0.26328468,-108.63367,179.147,-137.81873,-5.002569,-135.77324,-98.802086,92.6733,173.03093,131.00845,36.7905,24.204222,149.4682,33.38992,-194.0057,-41.566322,-36.45612,-32.165516,-212.8313,-107.086685,6.2897797,39.98078,-91.76127,-147.0977,-103.18801,-52.244385,98.63646,196.44525,89.797485,201.34917,-151.96565,-44.291283
90.0,117.831215,35.344276,50.63344,18.0,-39.720825,153.30795,-2.2637253,-176.85815,97.0,41.039307,-246.06152,19.59019,41.874302,22.992067,-86.53351,69.20665,-50.113525,122.369064,71.33902,137.57207,96.27118,91.38714,100.434616,-132.74394,232.99136,-5.355242,16.170082,99.22214,144.38408,-94.992615,-24.916363,31.136765,130.38953,-213.24118,-147.06215,-199.66295,177.31914,91.148705,-68.70833,59.776016,26.79155,-93.967026,-103.879196,228.16743,-371.66406,132.98932,77.58732,-186.19745,-124.6882,13.433393,-74.56803,-98.29386,-65.084915,50.497078,59.381046,167.70761,-84.51355,123.02813,-158.03319,71.3598,45.929382,-106.29596,119.23627,60.474236,-95.80836,94.41983,71.001686,155.26088,174.00793,55.976166,12.518125,-11.628246,45.114136,36.38461,-261.2927,95.53067,52.335934,75.12603,256.66632,-68.85868,135.99548,52.02494,-46.18537,-7.131094,212.69545,-106.47978,-25.770988,-130.53745,-102.78406,82.59339,155.62967,78.16652,79.65128,-6.3944645,203.17395,72.60975,-174.98029,-9.400625,-130.87311,-13.252781,-228.84816,-89.74359,-37.52161,68.16928,-133.1994,-187.88074,-22.807049,1.560669,64.4972,182.47363,76.735405,196.50743,-209.62747,-21.80297
72.191666,55.69162,25.963013,67.774185,30.194263,43.465908,113.78506,-26.17952,-109.49252,59.57231,33.81938,-250.98828,96.90396,35.168434,45.39665,-78.48435,163.3897,-14.492821,114.5331,141.78578,142.45743,35.798916,92.35215,117.747894,-137.22438,215.50859,56.087017,32.03557,90.63174,152.33119,-145.20784,21.02348,48.60655,50.03193,-175.35387,-86.3563,-188.15376,172.4265,39.055344,-117.59215,23.086206,18.494596,13.476869,-88.3393,197.59717,-315.26425,34.150887,38.31355,-48.743126,-111.30618,61.71418,-44.381836,-112.9716,-49.815285,99.215996,71.22307,203.93004,-61.543045,119.083336,-94.04911,131.28122,19.184761,-70.859406,76.497696,112.17683,-90.4074,51.820747,58.535244,121.79568,125.8346,148.8244,9.213811,72.675385,42.676544,-45.250587,-231.6686,32.74505,151.01779,131.0023,197.68555,-52.979492,204.79816,20.329678,-1.2350559,-48.684357,191.0764,-139.07538,-4.1210785,-140.51959,-68.53253,66.343155,159.31387,138.03076,63.465668,-0.6918373,110.94528,-0.07069397,-201.25926,-14.016781,-66.410736,-56.50125,-192.94112,-134.29283,-35.081753,23.944736,-108.56702,-210.71254,-74.20278,-44.621574,75.652756,181.65799,67.434784,174.74496,-126.49919,-34.695786
68.4049,66.225174,64.51175,65.54231,26.177067,55.29164,103.552376,-46.001595,-135.7383,65.097275,89.81122,-227.79147,73.55503,-3.086279,59.006336,-94.27666,59.551666,6.324383,160.03458,176.30458,166.92476,41.08882,66.772736,116.81674,-143.44876,194.18217,55.701015,43.213966,105.3797,118.50529,-159.83487,46.69084,55.201496,59.178646,-202.25598,-32.918495,-150.36482,143.05293,21.93431,-142.05919,17.955872,41.816895,4.961241,-63.126442,165.84375,-309.81335,20.466978,33.29502,-95.308334,-133.73962,67.40675,-19.339607,-124.77501,-67.40001,108.9983,99.509834,174.11513,-100.034454,120.658066,-122.74307,142.35454,22.59692,-46.69255,79.9373,118.654755,-98.64001,16.882977,52.65953,150.73285,113.24603,172.23683,33.990047,76.338394,42.402985,-32.106823,-198.1639,29.949654,158.88808,125.513405,207.6302,-86.02892,185.005,3.8630905,-28.614048,-82.60916,222.44438,-136.26422,-9.661152,-178.50922,-81.05348,69.04953,191.49965,124.94454,44.519382,-10.025879,140.67734,36.076912,-197.60782,-0.28217697,-60.270973,-54.454933,-187.03104,-142.36203,-50.837234,58.174706,-62.3078,-163.27367,-59.554802,-38.2556,96.780594,155.57639,74.174286,233.28667,-82.75137,-46.982056
63.081387,50.523277,53.264,49.758392,33.859573,42.872635,133.65048,-1.2412758,-136.03474,52.9922,29.67921,-241.99084,88.94426,7.6863213,37.62429,-83.850555,104.75538,-27.205345,141.9641,160.88461,132.40842,60.248817,90.46785,142.95558,-111.15694,169.60876,45.791992,36.416634,137.82303,115.69395,-172.06433,9.392639,81.818306,68.55866,-236.16705,-29.90017,-136.10971,186.77014,36.18051,-160.91434,10.543019,57.037975,-3.4942322,-61.1205,178.40988,-318.75092,17.443039,36.399544,-105.03079,-143.93712,95.94473,-17.060589,-104.8448,-50.087547,102.16272,90.7042,157.18378,-57.57547,85.82863,-92.6345,179.73247,16.865858,-47.244247,115.33481,139.49542,-89.40912,33.94629,37.065903,154.84935,191.06882,152.42444,7.292742,71.45419,27.302841,-31.38778,-237.41653,58.556408,149.81738,134.03891,251.27725,-91.33073,205.30833,-21.534943,-20.565006,-85.63825,163.90671,-135.3354,-26.532913,-189.71265,-97.24133,86.60006,178.11533,144.0029,29.520945,-3.4839382,139.77252,99.60229,-212.7165,-12.909512,-86.3593,-59.622505,-194.94585,-168.93324,-36.41683,40.343636,-79.93827,-178.2859,-107.94081,-78.34941,99.84053,180.71062,99.79057,205.13518,-155.27803,-48.768433
99.0,130.08307,60.499382,47.272934,20.0,-26.734783,170.14816,-7.0381985,-205.23811,96.0,83.50368,-225.32751,37.391758,24.063124,13.063639,-110.46918,6.3049393,-23.4086,74.69818,99.270996,121.20367,64.35981,32.61384,52.27957,-124.04701,258.64398,-8.722427,26.058247,152.33313,97.75198,-144.7975,-51.527924,48.89759,108.25113,-195.74573,-172.86197,-158.91168,144.39917,34.29492,-97.803,83.333664,34.482063,-109.79593,-77.48567,209.85115,-313.45166,114.76902,78.50147,-190.77803,-49.8776,-8.393267,-47.67404,-126.1389,-55.49536,74.27075,86.58787,195.82878,-77.99841,135.73105,-199.57962,75.8795,81.407745,-156.78677,98.22401,31.769106,-64.82333,79.01264,67.266464,159.38503,178.3384,113.65675,-20.526558,-10.478779,22.95479,30.939604,-312.1811,37.623543,40.81569,99.155975,251.39058,-84.544716,229.48323,27.363905,8.066857,32.163376,263.87488,-140.8742,-43.20205,-190.70732,-63.413292,78.404274,159.36203,67.638176,102.00937,-64.41641,161.41542,141.66647,-191.55818,-7.999735,-153.14667,10.812295,-227.56415,-106.47626,7.9148283,73.50992,-147.7557,-191.86664,-32.092434,-2.6179485,107.06319,133.7968,74.6465,238.90369,-149.52463,-36.088665
77.62763,70.57392,64.238266,66.18266,32.75643,50.41429,132.50229,-38.21171,-172.09998,76.302826,48.887917,-243.0279,100.56262,5.7337017,94.13623,-80.7654,110.71352,11.800307,146.10623,137.20084,131.11514,14.5497,117.68856,85.08478,-172.08974,238.90538,-7.393383,-6.0675373,91.44368,145.41165,-156.34813,12.972919,98.50661,55.57929,-158.98203,-56.416656,-197.52837,184.6217,16.945938,-140.98137,27.891209,29.394318,-8.350216,-118.87816,224.23422,-339.06555,3.5574493,16.82547,-81.18608,-108.42049,16.265099,-36.125065,-96.78604,-24.734184,147.5006,64.85693,204.44086,-81.09434,123.28338,-117.83882,89.52175,14.096974,-76.32247,95.041214,60.68449,-112.261185,45.47635,46.805573,136.95747,141.5547,170.55186,23.328716,77.46956,9.989976,-71.30619,-195.3708,71.20039,177.06413,113.770294,183.97063,-24.154953,230.54443,-6.574692,-3.659689,-96.0034,215.99515,-156.67316,8.652989,-162.63461,-57.570007,120.80338,157.1959,130.47165,50.553635,1.27742,135.13574,49.49994,-222.75038,7.122699,-73.07693,-9.163542,-210.41728,-115.3931,-21.053993,59.47666,-82.518425,-181.05971,-38.010937,-54.322662,76.77321,167.00525,54.515785,224.54143,-149.12688,-55.14074
75.223724,75.64273,64.74669,62.993523,36.248978,32.77811,128.95702,-47.254784,-179.2524,65.47734,42.074196,-264.3271,77.515854,-15.674759,31.21742,-107.46098,119.68864,-14.421459,141.46606,135.59897,136.63684,26.749332,1.0,1.0,-156.44092,216.58643,21.013615,37.52618,87.285675,138.81487,-75.50609,53.080196,75.73952,68.74335,-206.0634,18.954367,-184.79503,224.69518,47.139427,0.0,5.2507286,49.66841,-56.918503,-101.33069,190.31648,-297.49994,51.495102,33.2919,-83.1556,-121.06166,35.417027,-15.68227,-144.78117,-67.83564,110.88107,41.721863,144.76274,-78.847916,104.60043,-102.49788,140.23161,29.800127,-43.879776,100.55438,79.13591,-112.484695,35.039814,57.955475,152.18042,148.12585,118.438484,35.077133,101.60807,6.8044615,-46.81122,-207.49033,47.459858,187.1447,134.93495,197.40233,-45.438866,178.26709,-21.033688,-32.911247,-73.90856,224.07057,-100.23409,-0.2325077,-146.66742,-100.73158,94.15867,187.93344,145.8271,70.59235,9.671766,154.19939,3.1203117,-224.51978,-33.710564,-66.53756,-79.04815,-193.57826,0.0,-29.711811,60.737,-56.683914,0.0,-107.52612,-24.206924,0.0,167.34431,89.722755,214.30241,-126.44336,-37.40213
74.16992,44.41466,24.97332,44.43225,30.981583,47.242485,134.3682,-38.541107,-151.24614,60.61382,37.13723,-253.82803,87.573326,41.350574,55.99109,-72.8542,155.69073,-22.494534,152.25433,128.511,161.53737,31.147789,92.56815,125.81728,-141.10191,220.48053,55.781055,18.620962,91.85697,93.24371,-161.75107,24.488953,55.96427,69.60295,-197.45973,-73.46332,-170.76376,219.7279,-5.980686,-129.76949,53.55219,45.729706,-11.284168,-70.151054,152.08665,-316.5433,83.05844,25.421766,-86.7355,-117.33711,44.61509,12.077231,-108.94838,-39.326473,105.01002,58.029175,162.34659,-119.40871,115.91866,-122.45885,107.51891,57.14912,-17.807377,43.00056,82.888275,-107.38229,1.3055687,30.50679,144.00189,128.12576,133.47751,47.15367,72.51958,8.817709,-9.782154,-209.68918,56.941956,204.43044,142.28944,229.2974,-70.165,186.23125,-18.808441,-25.354687,-89.95504,209.60439,-117.89111,4.7885914,-188.68434,-104.4754,78.880974,171.43259,145.2637,25.65531,11.347448,147.7489,4.0457153,-186.13823,-4.731144,-43.16233,-7.587393,-183.7271,-143.02176,-13.039757,53.721123,-76.051056,-169.10175,-82.00656,-58.883423,59.08515,152.59384,125.957565,197.69785,-137.24818,-47.820274
92.0,131.0,77.0,89.0,18.0,36.39,143.0063,85.0,-186.5948,95.0,90.33694,-255.51978,3.5128994,11.263356,28.116428,-76.15598,16.837204,-12.991554,90.82052,57.264626,180.71704,74.68964,106.494484,110.101295,-73.51553,199.68439,-17.009933,23.794355,123.57792,82.62816,-132.31786,-89.45689,10.628808,103.89785,-247.55008,-125.53024,-134.78854,208.11256,85.86623,-101.95163,69.52998,0.0,-129.7771,-113.81268,254.4447,-389.2329,91.023705,75.68782,-170.76125,-84.88939,-4.855995,-58.55645,-178.94197,-39.966297,39.9679,81.12222,202.00438,-69.87015,157.19266,-153.66588,66.21542,10.927458,-108.099,142.2338,35.106865,-91.87884,66.56436,87.50395,221.96574,191.78874,108.74618,26.30111,8.201137,-9.049301,23.986212,-231.00415,114.43689,96.42194,49.50615,265.75006,-64.288635,200.98586,20.670553,3.5726871,3.740265,294.3222,-139.39612,-32.614002,-199.00436,-79.118004,81.99155,177.62459,76.87129,132.75174,14.958267,231.39034,66.367874,-203.63348,-1.6080456,-137.78992,-24.471054,-244.40024,-94.30113,-14.043453,32.671246,-105.68259,-183.2087,-30.632244,-70.53894,42.896957,184.57181,105.258934,240.37753,-180.05658,-39.62986
74.52156,61.97083,29.55968,54.8949,34.625965,73.85817,72.361755,-66.015945,-169.20612,70.56253,48.17701,-250.84552,126.83358,-19.556316,0.0,-41.369984,126.79255,-20.104088,116.39828,140.60179,165.46242,21.623163,1.0,1.0,-166.00705,226.78651,25.890142,43.974644,51.051815,146.62778,-107.49098,5.3945084,75.03943,81.47503,-211.10553,7.5685396,-146.32921,214.14719,-8.612085,0.0,0.0,72.24678,-65.279175,-123.86113,190.37859,-282.34122,7.879981,41.997124,-68.64673,-113.15253,24.5425,-51.86693,-155.5624,-58.312973,95.46613,69.52224,190.5177,-72.85299,149.32419,-82.45459,93.237335,2.7245598,-84.929504,90.11566,70.96977,-115.77568,14.428967,53.699543,118.92671,139.17209,161.87566,34.838223,88.16755,21.110235,-72.00291,-225.07738,86.45525,161.01747,117.9099,193.95302,-26.072395,200.76675,-7.3548145,5.880026,-72.87781,180.03975,-171.0734,-7.26915,-164.08995,-102.848976,66.79671,187.98576,148.14859,81.87978,24.635878,167.20012,7.574339,-221.44363,-18.097912,-48.9263,-70.728096,-180.21962,0.0,-8.850025,75.82051,-75.80113,0.0,-78.99181,-26.685242,0.0,172.91153,69.03351,208.23837,-129.72807,15.0
71.81382,81.66429,61.14774,35.761276,35.134117,48.860123,72.649734,-23.473633,-152.20761,62.173714,25.896769,-223.43683,88.57588,-4.4390526,26.100048,-101.47828,87.56399,26.953571,150.93626,169.00862,161.20247,28.770988,93.724594,116.513756,-151.57771,210.85417,21.125698,4.2105713,119.14072,134.42348,-174.35112,21.239443,72.98854,72.32852,-185.0327,-89.90334,-192.64168,238.42937,10.612658,-116.6711,21.641388,61.4598,-31.046711,-62.644073,173.1088,-330.55106,0.9115162,19.826357,-25.960308,-148.71898,68.296036,-5.505657,-136.27179,-57.4778,140.80772,115.22064,167.67159,-106.492294,129.66872,-121.623566,117.67859,39.513245,-42.860535,47.067764,72.11821,-127.95009,30.26089,71.61629,142.75305,132.12396,173.97284,34.11152,61.228798,14.525679,-24.825413,-208.44032,84.39029,194.10678,109.10907,218.21211,-76.65991,196.46928,-35.582188,-16.350414,-97.30408,194.50449,-156.2015,0.12731361,-159.7838,-97.576035,83.586,175.70393,141.15974,33.531147,-41.41775,138.66016,7.7800093,-190.45808,-3.3595715,-34.54098,-53.423027,-164.032,-121.456924,-88.129326,82.00784,-100.749306,-190.4472,-100.47008,-31.685501,104.19227,170.31996,124.71731,225.56277,-139.40492,-42.449066
62.09986,21.799604,31.164618,27.036467,30.689068,29.353264,150.63536,-25.521717,-147.03488,69.058365,16.238634,-254.01108,67.436676,-16.336536,65.09903,-108.41751,82.25727,12.518826,174.05727,146.4823,136.19522,5.110468,89.915146,128.89877,-177.0261,164.30598,50.858727,7.9412394,120.99502,120.48787,-168.93924,26.887442,37.493507,58.55557,-199.4953,-29.329659,-142.56425,188.76501,62.852917,-166.1182,-12.209946,66.100204,20.61205,-70.617905,216.4102,-292.82117,71.62874,25.238861,-76.55337,-144.1471,61.56426,-15.5253525,-99.2383,-61.230812,111.71747,112.68605,141.31754,-32.411232,130.00719,-70.77111,118.14079,21.994154,-35.706207,80.30363,104.25826,-121.79881,12.097952,48.396828,149.1825,153.03908,187.46729,4.0256386,65.827774,56.39259,-19.102211,-220.60268,59.843853,169.03639,114.54204,189.38728,-46.456047,148.51755,-16.999855,-5.6833572,-78.472435,207.1475,-118.72531,1.3429832,-150.77312,-127.76251,57.952717,188.62029,136.79947,24.425364,5.1727715,175.72836,-3.8426971,-235.04352,-10.711918,-78.64621,-26.726414,-214.88222,-93.46309,-67.91666,53.92576,-92.90376,-182.38141,-74.87617,-60.056206,88.69264,184.73814,117.43511,209.7432,-101.08364,-37.69605
99.0,147.0,78.0,94.0,17.0,-48.754883,143.67744,-27.591152,-201.40675,96.0,78.113365,-274.55368,12.981125,-7.994034,5.90407,-19.713295,47.933456,18.58762,121.68339,60.82073,171.21606,56.93867,71.999916,99.618355,-126.045135,255.2552,3.205286,-3.8820877,143.76215,117.62737,-178.35791,-88.11488,2.9033165,124.70118,-265.08377,-99.80762,-142.37685,173.90445,70.605965,-115.97902,76.11235,37.017216,-96.90353,-73.81548,257.96564,-379.83536,91.16818,40.147774,-165.18443,-87.70243,9.99528,-37.893303,-149.79343,-27.234013,88.58376,103.68663,170.57463,-80.80294,148.86905,-141.74878,60.062927,85.60968,-122.9919,140.20413,60.16625,-96.652824,90.202126,73.7623,167.36064,194.14319,137.70813,8.433078,-0.18260002,-4.505678,38.32656,-276.18176,81.41919,57.236034,95.728584,245.88728,-65.419624,228.40968,17.126265,-3.7714672,-6.899645,258.19986,-128.99852,-17.66444,-208.50212,-88.417,76.85484,180.80615,82.42583,53.570244,22.870087,158.52196,27.62806,-208.19576,12.640795,-150.17848,-31.204483,-221.8613,-112.47826,-52.38288,48.106773,-168.43878,-178.1592,-37.804333,-37.393204,82.26103,174.17953,110.98238,226.11783,-122.10678,-37.649353
75.60075,73.64,16.814697,65.52561,29.08268,26.144096,157.08015,-27.352257,-146.65375,61.72054,7.65186,-247.93976,116.40323,4.0430317,78.66864,-109.156815,117.33938,-35.653248,173.07709,174.58101,187.2852,33.932526,100.156364,106.53434,-147.31375,211.72362,11.7303915,17.689184,112.6159,126.378105,-157.81125,28.607872,66.67285,86.5885,-172.19885,-86.30493,-182.21463,171.0562,25.2099,-135.78554,40.708843,37.276337,-3.6162186,-97.68329,208.23071,-286.6506,-9.756592,-9.824638,-97.96849,-131.9606,69.54042,-12.149242,-118.46925,-78.9211,125.529076,102.22137,153.73163,-75.52906,110.890434,-90.968834,96.96329,42.62142,-47.87967,48.14081,70.970764,-110.88014,33.571777,50.952324,87.88052,110.47088,108.487404,11.207857,78.404976,16.938543,-21.375126,-219.21735,63.296387,161.96185,99.37516,194.70166,-93.945786,167.61755,-30.603683,-63.041946,-92.66167,185.74039,-85.704704,-22.026985,-147.55258,-94.94261,114.325645,152.6939,119.32301,42.350906,7.003831,183.33705,-30.728436,-178.11806,-16.437443,-65.87222,-30.681507,-183.11168,-109.74927,-4.5070477,67.05029,-88.79363,-170.31963,-117.50163,-11.840126,52.753277,171.83852,75.021484,175.10942,-159.85378,-22.638725
80.52902,70.11488,62.333366,41.758038,24.216019,55.96047,92.18537,-0.95751953,-126.32741,70.08587,79.08804,-234.88232,59.050915,-18.895813,58.079025,-49.826332,113.24993,25.125656,183.6261,163.04729,124.44113,5.189253,104.708,125.16934,-138.54648,166.79976,22.625101,35.002964,67.06741,76.934006,-156.04927,4.7663116,81.44885,78.14493,-240.39868,-20.127392,-147.79831,122.139626,8.233282,-113.89932,29.00445,67.173645,13.854319,-52.382248,196.80594,-282.21997,8.309443,14.913591,-95.81555,-133.64761,51.719875,16.473232,-83.62038,-70.14479,139.71248,88.33465,176.23752,-62.61709,141.99261,-102.545044,120.63101,25.892323,-45.144707,56.72302,112.20052,-93.94465,5.155922,63.745895,135.42072,136.45375,132.309,-6.6074066,82.04774,68.22303,-9.702007,-176.2221,65.295586,195.72145,91.87915,182.8035,-74.76253,186.7662,-24.31892,-66.174484,-94.106995,196.10959,-128.01596,-11.529209,-168.20654,-78.800095,98.21311,189.21873,100.08443,61.682026,36.095165,130.46591,-15.441425,-174.69658,-9.412798,-53.620476,-27.15062,-217.58603,-106.222534,-46.018997,31.70641,-87.702896,-158.26622,-66.553116,-75.25114,67.99464,182.0074,102.09392,187.42513,-138.36055,-49.820175
67.66184,62.31849,46.89221,36.26969,27.836788,32.964348,117.9738,-13.577023,-121.47298,51.8885,35.0148,-233.87991,58.68616,29.884527,45.583633,-86.25374,104.60544,27.112114,201.0637,164.70038,130.18744,39.54966,74.70447,163.85548,-134.6713,184.39682,52.519302,26.595154,108.0476,133.99411,-133.77429,22.634937,63.90215,56.16427,-182.58182,-60.172203,-170.13818,145.67807,39.88652,-138.52919,32.347828,28.477573,39.12593,-64.809265,177.78986,-230.1627,44.546486,28.965355,-107.96672,-149.89586,69.592476,-12.237949,-88.215195,-66.15994,114.442986,86.53556,150.72638,-64.22676,128.94214,-66.18998,154.16644,15.144564,-27.07507,51.104893,126.175415,-123.957,25.8609,74.76046,147.50232,123.919334,139.12413,13.486613,77.414154,41.000973,4.2553043,-216.62944,86.3589,170.46513,122.257286,237.67778,-85.03276,185.2378,-26.063904,33.028168,-79.044464,214.61374,-145.00708,-10.012344,-147.80089,-74.56151,77.410614,171.7133,133.64462,75.39295,3.3440304,121.89002,0.14859581,-180.4504,-24.798874,-93.20195,-60.521774,-218.21465,-133.09114,-22.948753,67.86897,-108.11282,-169.30363,-81.60678,-52.48033,99.14562,194.19476,112.707085,186.53293,-145.23163,-42.96366
95.0,137.0,58.0,77.0,14.0,-48.21438,165.82393,-18.764679,-203.6328,96.0,105.61775,-230.51553,29.369411,70.11983,25.20028,-51.94854,30.535587,-40.958233,131.36304,112.049385,154.826,68.18021,9.506139,104.330376,-103.8716,212.40295,18.271257,-0.058231354,131.15768,111.44498,-167.00375,-78.009056,52.389355,151.42987,-246.83563,-151.41133,-125.48578,160.79498,115.12025,-30.814034,82.46184,33.970013,-115.667175,-86.18633,256.34677,-371.0584,34.416325,81.11748,-182.09476,-80.49187,3.279314,-79.26946,-126.39841,-47.048332,78.19824,91.88652,160.9013,-77.406746,146.0839,-133.32843,95.89416,70.32396,-134.45862,126.82651,52.55037,-44.479362,54.34943,22.0491,157.25446,180.45375,144.54613,3.4669304,-15.292877,61.142998,43.993423,-299.06332,101.68525,52.37121,94.59657,276.10443,-35.415375,214.17093,12.696889,31.629082,20.441187,279.37982,-127.61342,-26.796692,-192.68071,-81.16652,76.401,169.55687,89.075264,70.41077,32.24777,218.41667,144.58931,-256.52835,21.863384,-141.0616,2.4288673,-230.90565,-116.85387,-55.708595,61.550915,-145.69199,-164.082,-28.099922,175.0,114.04471,196.21394,104.8613,202.69228,-154.27208,-40.87029
64.59036,85.262405,39.854836,45.553867,29.923555,31.916206,134.59824,-31.486843,-157.71477,73.358185,65.130264,-270.16495,63.16692,14.230144,67.88637,-44.08448,127.415,18.773958,176.55095,180.65236,135.37944,13.680437,87.1118,119.36954,-103.50426,185.15703,57.892006,52.628784,132.23825,111.152756,-182.05956,1.8964672,64.744705,71.67967,-226.74123,-55.728783,-159.1095,162.59569,4.945959,-129.59488,47.697906,36.998,-39.967175,-48.851845,223.17744,-265.77185,-19.576813,18.121458,-129.37204,-91.577965,24.72398,7.135825,-117.590164,-57.010902,104.05987,88.467415,163.6956,-43.006332,109.866005,-83.8564,90.72861,61.00845,-92.00302,42.185852,91.00776,-122.94084,33.604485,-9.709305,136.82614,162.64853,129.9054,41.061333,89.057465,37.880592,-30.37296,-237.07294,58.990604,147.24486,108.58612,207.78304,-74.30037,203.93196,-22.83942,-18.889034,-73.2494,197.3657,-125.22801,0.060455322,-153.05956,-53.720177,88.12837,131.97572,98.81564,22.176804,38.446453,152.18948,20.84822,-192.22348,-17.007622,-69.17999,-39.97724,-189.41606,-121.62042,4.102749,57.6343,-110.02707,-174.99828,-80.343605,-73.66714,101.18069,150.1745,91.686264,167.74884,-114.2374,-51.496704
73.000854,61.164543,48.90384,35.971115,35.80469,31.074709,153.44843,-36.27443,-162.4639,66.11214,72.82555,-218.84674,129.50655,10.656766,84.306046,-93.62445,130.10559,24.273983,174.60083,199.5307,125.40488,37.926224,80.54736,107.455124,-169.96402,176.58571,70.46443,34.40414,125.69489,76.69833,-174.07802,27.537073,59.829624,33.172203,-223.81635,-105.44202,-158.98192,202.83553,75.018265,-132.55817,40.294903,34.66868,-39.82884,-83.161064,244.25395,-253.72305,5.5107994,10.246032,-116.129074,-114.482956,39.552933,-7.556492,-102.83766,-59.01487,91.28082,38.884766,143.42685,-82.75183,98.602394,-125.961716,150.05994,76.39612,-56.572906,9.18947,104.828445,-103.787315,33.737156,15.937037,125.50785,134.49017,131.63878,6.962185,57.333874,36.09588,-25.504776,-224.47424,38.494278,142.72844,90.42113,184.17346,-76.76543,188.08904,-21.564075,-27.110771,-89.27744,191.87515,-143.95728,12.341804,-186.85939,-77.99032,74.24527,130.0817,108.865425,12.776475,12.636522,147.28812,31.352745,-170.49675,0.3745613,-28.040703,-29.805275,-159.15048,-162.17186,-41.48413,69.65253,-85.57068,-153.25461,-66.775085,-46.809242,98.26376,157.22917,127.27775,175.72437,-125.66557,-48.886536
72.21556,30.821312,43.839943,29.0186,28.605637,24.076519,139.73224,-29.249966,-128.9178,57.629765,36.308235,-255.1951,69.902885,14.9066925,45.365944,-101.95491,115.53691,-12.010693,146.27109,115.158226,119.976074,37.59022,90.79698,162.74713,-97.30107,177.6975,45.36785,71.719475,99.934975,61.524956,-164.21957,0.2609501,77.54506,47.460167,-206.23624,-36.43113,-164.44879,162.81985,21.544767,-109.743546,33.607162,62.362923,-18.607018,-64.15641,223.15068,-280.91638,45.9318,25.768774,-98.733604,-103.70941,52.286415,1.4303474,-86.41013,-44.421883,138.14566,71.27435,138.776,-74.88619,120.43912,-116.345276,127.58164,37.982697,-77.48021,65.98061,114.11832,-101.79261,80.36488,64.828896,140.73969,121.95359,136.43771,-42.98699,56.174637,55.477867,-8.462217,-205.39345,46.955124,104.96231,120.9996,253.5579,-79.500595,199.62582,-19.934399,-82.94122,-58.036774,180.91125,-95.72361,-13.387306,-149.45627,-78.19083,30.475685,159.89357,92.1607,1.2288074,5.2104225,134.93442,3.791584,-182.31155,-26.533298,-78.096855,-21.770805,-208.45328,-146.53062,-55.965073,76.13243,-86.24141,-153.57727,-97.99373,-66.44448,88.065445,166.73499,125.16747,176.34618,-104.18516,-61.738464
101.0,133.0,69.0,85.0,17.0,37.0,177.57478,11.156303,-136.00145,98.0,85.81824,-258.53064,92.3611,39.039547,3.774685,-65.16975,39.39212,-12.035843,71.88777,32.186317,126.102646,78.31702,52.627377,62.72366,-97.66171,243.46593,-14.22694,30.99136,124.792885,82.46947,-134.62619,-78.14682,15.421332,104.94629,-210.77159,-195.46428,-137.9154,178.23915,76.24459,-42.578484,133.20923,50.185066,-94.913,-80.64172,279.97552,-273.87613,96.499565,83.81917,-194.02943,-17.0817,5.597891,-64.88434,-127.70561,10.078925,24.615858,92.05856,157.1447,-104.009575,153.34552,-183.07541,44.801773,80.45185,-143.03453,68.083786,20.559803,-27.253311,80.44252,78.21102,174.14027,166.91364,66.292465,-14.361019,-35.082756,66.6819,48.114994,-266.5698,61.62645,15.664846,59.91786,287.31662,-66.929245,185.89795,35.896194,-35.67679,14.1102295,288.01175,-80.7033,-64.518166,-195.9938,-52.223824,68.1384,196.53339,53.447083,102.63241,-38.206112,202.42537,87.43898,-162.43471,-19.734547,-170.16362,-24.741657,-211.13432,-93.95434,-6.2733994,16.334293,-123.251495,-195.32555,34.573723,-1.0973034,53.317978,156.75905,38.053806,209.9782,-151.50348,-18.62918
81.98952,66.8733,41.113747,41.735935,26.313,37.52166,151.6157,-43.74353,-136.61098,63.23725,41.777245,-237.28976,162.2314,15.33112,113.013504,-96.54034,119.710594,-36.93657,182.49525,155.29753,105.206856,12.913003,80.88555,106.74717,-115.53023,205.0903,25.642265,60.322983,57.369442,87.20867,-183.43088,-35.843243,59.36482,68.03387,-148.54741,-101.29577,-158.53046,187.4095,31.209255,-157.7906,43.7647,47.847984,-6.801014,-76.5032,215.24573,-277.3315,1.6330776,18.758158,-61.7731,-99.05218,57.57484,-43.88775,-133.52966,-25.3838,132.97696,43.466255,154.17992,-56.864555,135.78708,-109.52466,125.28092,49.93107,-68.05838,55.096863,38.519394,-91.50781,49.65667,56.190865,114.877235,121.461876,141.07271,36.69261,104.77869,34.082355,-89.997475,-208.02168,17.824362,121.06252,96.42401,201.39682,-61.774727,151.62878,-8.869326,16.020359,-101.91901,215.94736,-127.262726,-37.017685,-148.59435,-66.729385,121.46447,142.82169,104.1431,36.09245,-14.563484,130.93504,9.416741,-185.41992,-68.15712,-63.168816,-85.75782,-172.97427,-125.31993,25.854336,50.076717,-75.24011,-190.08842,-66.604675,4.726095,48.692818,148.5525,79.07927,144.50253,-98.94645,-41.816193
67.95036,66.36665,69.121506,41.83596,31.459106,34.088596,106.13445,-35.392063,-147.88286,59.491898,60.524025,-223.37383,104.99476,-8.518827,73.44394,-92.745895,131.7649,-13.989624,163.14528,140.61899,118.94982,11.138983,62.44798,118.315094,-128.90356,164.79762,47.808495,61.636967,84.88948,113.67245,-172.40547,62.530735,62.13957,94.37909,-197.19214,-40.510075,-183.12523,201.79178,13.617061,-92.138214,28.778349,34.169838,-1.8892555,-103.03445,194.29721,-294.77023,0.9718094,59.720543,-82.95841,-126.65878,35.6124,-37.991524,-146.89278,-54.116943,87.84928,77.99821,150.20547,-70.38152,77.89225,-78.61817,158.91,31.231754,-16.469433,37.329918,67.70943,-90.27847,11.469014,48.701485,136.08856,91.67493,176.86879,39.711815,68.62627,30.913708,-65.486786,-155.36354,63.923534,106.23085,123.67422,174.92784,-85.98669,167.38007,-15.986858,-18.690628,-124.3535,158.2923,-109.738205,-6.492573,-151.34407,-108.77525,127.57291,157.70091,90.996635,45.64759,-34.81719,117.61788,2.7981567,-158.6516,-13.578709,-50.827255,-68.62084,-165.08029,-105.85814,3.6949463,72.798676,-79.526794,-160.30154,-95.226494,7.213873,106.82994,103.41676,86.54944,156.04784,-123.35855,-26.802326
76.69997,83.82656,36.94373,47.520313,27.104435,7.8282623,89.07635,-28.32706,-151.57925,65.53411,99.93551,-244.9956,46.84977,9.774258,77.055435,-104.886024,139.25409,-12.452301,212.22525,174.09547,164.80708,37.476097,113.90262,124.56778,-110.617035,191.42143,16.34618,34.41776,105.785034,128.62857,-156.68178,23.125504,72.50892,47.59704,-207.985,-65.93738,-164.18042,224.95451,-8.607214,-126.28468,47.847286,22.702488,-14.421139,-46.022476,223.1342,-268.7837,58.71817,46.97483,-68.317184,-130.28404,48.55236,-11.016327,-121.49167,-73.15056,164.25394,65.36327,133.94316,-73.490265,62.012474,-103.57049,158.4177,70.23981,-38.40317,72.41054,127.24572,-128.42404,51.36625,67.51971,140.39764,160.6797,149.07391,49.831184,89.66565,22.079288,-23.914715,-192.1867,26.08167,137.2644,139.90347,221.21294,-87.41835,186.62532,4.243698,10.591863,-112.69916,167.36287,-99.35919,3.7044048,-130.68713,-51.50112,123.76333,183.74379,98.81973,62.46669,-12.120377,106.30335,-4.7791405,-176.16754,-46.421364,-94.8289,-85.2055,-228.48901,-123.053116,-13.627258,57.78113,-87.48038,-174.94675,-91.74145,-52.787994,88.368546,153.18275,104.730606,186.63216,-92.201004,-38.701893
79.499756,89.878555,73.051056,13.933875,25.814775,25.79854,138.47583,-18.468708,-150.74913,64.63663,94.90379,-263.72272,54.548782,-8.592575,81.06831,-99.61988,141.6792,17.311068,146.40707,209.31422,142.84354,32.526566,115.09175,143.45303,-138.85295,150.04393,35.231564,56.792397,94.999725,107.34236,-166.80682,20.778084,100.72905,70.7845,-191.37274,-80.220375,-191.47867,212.77055,12.664729,-103.69475,30.430126,32.823822,0.72691727,-47.150322,226.82384,-318.3235,12.219261,12.600406,-92.78285,-107.11917,80.914505,-22.08913,-99.611046,-57.464462,132.61928,90.31876,140.11877,-90.8785,128.70319,-114.17485,157.52338,43.941887,-31.7169,31.776031,129.35703,-87.8948,37.826275,13.045533,105.5363,141.2937,196.94237,45.86984,95.650505,33.163944,-52.364693,-223.36186,68.7054,126.537964,123.43383,212.90053,-83.45959,217.72684,-14.754894,-36.66353,-79.170845,161.2635,-93.314514,8.945493,-188.56972,-71.840385,93.51156,153.8947,110.76762,39.458694,-56.545586,116.760666,-10.882713,-156.51187,-54.389122,-60.116493,-18.962833,-207.33405,-156.77275,-32.98999,81.8549,-74.93823,-174.24338,-95.2493,-50.744637,89.2476,151.15344,76.61569,193.40237,-131.13596,-45.0934
71.36507,74.04556,46.49402,38.72007,29.031086,37.0208,148.79929,3.9930534,-149.40009,56.53966,114.70224,-228.98824,73.28665,-19.425014,31.921505,-89.019424,143.29843,14.5716305,160.87503,144.08745,155.74231,1.9275608,92.86708,141.55533,-139.09242,171.63264,13.272174,27.010588,79.259964,86.31933,-172.3416,34.884438,105.17643,55.689823,-159.44876,-72.24693,-153.78413,159.32426,19.83603,-120.70563,14.561279,36.164906,3.4492054,-43.543823,185.23947,-250.77347,2.5947132,52.016678,-101.807846,-97.45576,70.96025,26.150091,-114.67706,-45.52971,119.38918,61.854065,104.26931,-73.00931,118.18812,-94.132225,143.4083,45.72629,-19.583576,32.255013,97.77901,-89.379295,38.528427,25.57183,79.07791,131.55771,197.89923,15.632557,59.73534,-2.4601135,-39.68823,-194.60089,75.0972,180.53946,130.4732,228.81488,-82.594955,170.73683,10.576901,-34.915653,-72.716736,170.46672,-123.06621,-24.848877,-139.99226,-58.947723,131.09702,162.4322,96.57922,26.373049,-34.790436,92.6419,9.713075,-212.89117,-69.1495,-74.74841,-38.95429,-179.86476,-127.0562,-8.797434,72.54277,-58.515594,-175.08372,-103.382225,-9.205282,86.660194,174.14648,98.38863,175.39415,-136.80643,-25.168468
67.97116,72.12065,52.313667,51.56246,31.307657,54.588516,147.51965,11.629921,-134.99194,60.347797,61.435364,-211.7595,52.442207,-13.887459,38.011246,-116.51227,146.03738,-8.701954,217.59503,153.13701,171.964,37.19461,83.30537,131.53238,-99.767395,170.02641,37.772774,68.04743,149.49646,61.343052,-144.70045,26.203617,123.117096,68.957214,-178.59082,-110.51399,-150.98196,179.3658,31.692635,-124.73738,60.949356,23.786295,7.317436,-41.0002,199.44722,-280.8504,24.25376,52.941353,-108.61665,-113.06705,73.83429,6.3792667,-122.67873,-65.45774,119.81503,76.739914,142.85092,-56.71936,82.202965,-91.69006,115.90068,85.51161,-34.4875,75.674736,76.57411,-104.69176,49.955494,11.490877,89.94515,133.474,185.49294,40.539024,87.68627,36.27592,-38.9792,-202.82425,83.70036,164.26514,107.53395,232.60925,-86.85929,179.38211,-28.998135,-75.19979,-91.94237,189.62334,-99.67456,21.603447,-130.7491,-97.001205,146.38705,129.53754,121.42374,20.501925,-5.314749,103.36657,-12.887608,-198.60583,-46.474464,-106.827774,-28.881615,-197.2742,-116.407974,15.690389,25.59377,-35.424305,-179.36574,-108.28096,-43.79342,93.72667,153.28513,102.07789,192.84464,-112.741714,-27.329685
67.73482,91.75799,42.103954,49.003235,27.158018,33.6091,178.07816,-21.82162,-167.14377,60.66582,51.064583,-234.43787,79.74567,7.32681,74.08748,-96.7161,114.29468,40.886826,172.78181,175.54541,111.13248,23.646568,74.66999,86.93622,-106.62302,174.59335,28.551392,50.52752,84.28058,107.63276,-157.51343,28.78283,75.87262,73.66637,-172.88544,-73.43695,-145.75168,182.17958,30.027039,-100.75696,40.05934,45.095676,5.2004375,-39.95324,174.64285,-277.4326,1.5744381,18.801687,-67.10612,-111.66603,75.05683,-28.850117,-126.99814,-79.00813,176.19519,50.96721,153.32596,-83.22251,125.32447,-127.62402,138.06723,34.08715,-29.362473,77.01776,96.23384,-100.336044,28.266825,44.152702,138.14218,141.68338,173.60106,20.179512,87.806114,-1.0471382,-16.833858,-167.89575,23.56627,123.55773,109.31411,201.0836,-90.63793,177.00995,-34.122387,-41.939484,-129.88861,189.60582,-134.76416,4.110285,-163.68196,-76.58032,150.09833,150.58768,116.24526,58.53094,3.9952316,123.70001,-13.828548,-148.60248,-61.35415,-62.39028,-72.690025,-224.65294,-111.650925,24.224646,76.35134,-66.5486,-186.92995,-97.6219,-60.656013,85.92548,138.49435,79.23569,225.60143,-120.75073,-62.527054
58.624912,75.29819,66.309784,49.06687,30.523365,49.090317,151.7234,-48.92137,-134.84996,52.122307,76.340195,-217.27895,81.563194,-15.724052,37.70607,-112.31636,116.82714,36.637695,154.02835,145.32083,120.047745,17.817947,103.14612,107.28286,-163.549,180.26749,46.400192,32.59041,134.29134,90.70601,-154.78127,32.666424,123.03349,45.110855,-203.84337,-54.22203,-172.49802,193.07703,48.672268,-117.814224,25.655043,44.218613,16.463778,-47.04854,153.77573,-234.06552,13.9908,46.089584,-70.33619,-127.73013,69.7798,-30.039013,-111.60179,-48.54387,106.00179,85.835526,150.40245,-87.12049,81.69751,-74.640945,136.95248,53.318584,-37.09709,57.079784,139.15074,-93.53573,34.294632,77.277306,122.9449,122.45235,158.06558,36.918625,81.15315,-5.1998844,-16.53878,-199.3632,59.081448,144.2715,113.17989,204.36037,-94.522865,174.8201,-24.39785,-16.290604,-86.719925,190.88182,-136.28464,8.821937,-144.61491,-43.070053,129.10918,165.5502,107.17105,48.920315,15.923213,98.01373,-2.1878872,-187.77797,-61.14411,-63.933838,-69.87557,-191.05446,-136.18124,21.939264,48.941734,-53.393417,-157.75145,-93.791306,-45.235336,65.32529,195.73875,69.56933,196.39563,-142.64081,-43.906372
66.49864,85.48937,58.585056,49.26011,24.34675,41.53865,153.14139,-36.173706,-170.22911,55.312973,89.933945,-230.84636,87.76505,-2.3738384,73.90727,-108.29753,149.90854,15.005666,198.36595,155.28189,139.74117,-10.390442,97.02407,120.674416,-155.86041,144.46301,52.623146,65.93807,91.58032,58.679363,-165.5091,17.384909,114.147,54.910675,-222.53984,-106.02307,-113.23949,208.17885,-4.417036,-143.57082,49.403824,61.95862,-23.11995,-31.790154,200.9652,-245.61783,-25.902184,40.21668,-107.04314,-132.78261,81.03172,-21.626972,-137.53773,-51.731865,135.02925,46.824577,108.226875,-121.59407,116.49685,-92.96201,158.14192,22.49824,-48.527527,44.076267,107.19307,-141.97937,36.67514,27.980381,111.479,127.50768,173.42793,7.7070246,64.516266,6.3952065,-4.944071,-204.23033,83.22379,130.36795,78.559525,207.36888,-112.26488,189.12256,-19.788216,-39.586277,-36.988636,176.406,-144.33577,25.09357,-155.47043,-34.544632,122.21553,179.57005,123.519966,4.3743763,2.688301,117.992165,2.139267,-192.87152,-62.913757,-103.110794,-28.79427,-212.05412,-133.5247,11.368902,68.78726,-65.42093,-172.88625,-116.68269,-57.58673,104.27284,159.00299,89.31585,219.05739,-130.45117,-57.742416
73.65986,56.22973,61.08525,41.289185,23.827534,23.49509,140.40428,-17.616268,-177.39943,49.70906,80.12986,-211.70212,56.160984,-17.882053,69.37825,-113.25932,102.097374,2.9225922,199.75833,189.70454,148.09467,28.659908,92.894485,112.302666,-116.59181,210.18732,47.741814,64.98396,98.37862,107.21136,-159.86778,18.182545,109.9624,45.379356,-164.78606,-125.45073,-151.50133,181.73004,51.7183,-127.1588,36.374466,70.93231,-16.941856,-41.477737,184.59157,-223.36127,41.68302,18.128063,-110.21747,-140.76663,81.38904,-15.584831,-122.09923,-53.381744,132.3162,49.65885,158.89293,-103.88109,122.63102,-97.80571,135.08801,41.375168,-55.39624,57.76955,121.13341,-123.04428,35.743324,49.05729,83.03047,142.20248,179.4033,51.268692,66.22768,61.56298,-1.3487244,-180.06956,85.5105,136.11528,109.51183,209.0115,-122.1019,187.50667,-59.874382,-66.30437,-64.91265,153.1816,-141.05727,-11.999359,-134.18127,-61.69204,102.05789,156.43086,124.940025,32.713253,-19.075687,134.05942,4.132536,-199.37178,-47.7929,-57.66098,-27.73291,-212.91751,-132.7627,10.216611,64.239044,-70.4546,-186.22127,-69.46651,-57.924057,77.07892,192.68143,67.85435,193.22609,-128.56596,-37.204346
67.584885,59.561607,42.94713,42.147263,21.660574,46.84972,120.784584,-32.241135,-139.52039,65.222145,58.1005,-244.13354,16.377089,-23.33686,89.8201,-96.31967,161.19565,18.169285,174.59492,155.94847,153.15086,58.726753,95.33488,92.912994,-112.42029,205.16014,25.21376,41.068672,101.085556,94.464264,-152.98872,20.458403,76.82207,72.46946,-174.97389,-103.58788,-149.64789,193.21439,17.690931,-120.042725,33.7353,49.038063,-20.195576,-66.279465,188.14607,-258.56375,22.038044,30.887299,-85.62548,-126.41501,25.75803,-20.088196,-100.951744,-65.76011,140.47766,57.547867,183.97794,-76.50543,126.013084,-121.74725,125.28604,79.754906,-85.8649,57.078094,87.63938,-139.22583,20.51915,34.102875,122.02654,144.65733,150.34268,11.248647,84.878136,33.19487,-29.160397,-223.68335,72.64017,122.78417,120.25739,185.29767,-78.65197,210.45381,-57.831055,-25.008217,-61.201866,198.47856,-109.82172,-2.2072754,-145.34128,-35.438156,115.40644,180.4126,103.66658,75.75401,-6.7368965,96.245094,-8.526455,-204.23494,-74.37602,-61.133392,-61.92376,-204.91327,-121.38638,10.881044,26.115126,-65.05286,-168.84543,-70.70819,-61.399612,74.61448,146.50955,92.75601,210.00026,-98.11064,-46.442787
71.67857,81.8488,43.4132,13.855482,22.365229,42.085938,146.05765,-56.583366,-177.2592,59.44111,71.93329,-230.40807,76.481834,-36.15801,96.634445,-87.033134,97.43412,28.497969,222.94377,179.00343,124.02255,65.56024,94.53385,109.303154,-165.27774,175.45993,43.937256,7.9649897,106.87888,91.79261,-147.9317,36.184593,80.51195,74.50621,-209.49356,-97.50338,-162.2386,195.98238,12.290222,-137.11133,37.656837,42.761906,-16.970703,-53.403214,175.43196,-274.31696,11.449518,45.182243,-110.35016,-125.18071,46.383575,-4.405546,-106.90398,-56.367928,82.958824,34.830696,146.96863,-96.33458,95.24867,-133.0876,114.50254,62.111244,-67.64933,79.70974,119.534515,-108.10301,25.393309,55.04378,145.85999,145.0722,159.92542,23.957886,68.26814,15.250327,-42.646744,-213.31255,49.340813,165.89865,98.78793,212.45805,-107.653366,171.1463,-10.551769,-26.446098,-54.49283,169.35934,-122.82994,5.585758,-165.13776,-42.311317,120.92844,160.606,125.414505,87.07069,-24.514671,140.3292,28.821886,-193.92567,-49.14209,-54.76934,-42.547417,-165.02814,-111.647415,14.665745,26.467255,-78.78138,-177.2086,-96.92661,-41.40039,88.92754,168.52736,75.0451,182.42921,-109.111084,-41.823845
73.50627,74.879456,69.10385,49.826237,28.227295,40.96792,104.475525,-18.845898,-145.99709,48.018974,85.75715,-237.26746,85.80169,26.751827,91.11953,-116.29224,118.74898,6.5342255,178.26927,142.93385,145.32979,23.418196,80.96935,111.46626,-144.8389,176.13937,60.966183,60.983738,104.90505,90.58511,-142.12764,45.510143,89.47197,26.14228,-193.82243,-32.66755,-170.98514,180.199,54.450268,-140.09749,41.03479,24.695503,19.365463,-87.38537,162.9956,-286.08966,-7.3135853,50.658127,-63.616417,-154.91055,75.31209,-63.586525,-118.68494,-59.46496,87.483955,44.962914,150.75189,-80.85224,97.70644,-109.636,167.35042,50.926434,-46.275696,82.53752,115.19784,-111.758316,14.4125395,21.033697,137.0084,120.05938,154.0295,20.975817,130.87648,13.188872,-64.47377,-188.34048,13.240426,137.40247,140.1099,218.39049,-82.273994,165.70958,13.922831,-21.76123,-79.277275,163.9199,-124.4543,22.463402,-148.42207,-23.57573,108.983574,161.96918,94.247154,126.00443,-32.509754,94.98195,18.529194,-201.8224,-58.526894,-53.852654,-79.52501,-203.91724,-117.08537,-7.424021,52.39751,-65.33323,-163.81442,-46.27053,-30.82111,43.201656,161.71927,90.533264,193.74457,-138.62,-45.769035
72.79137,73.13068,53.010666,26.121227,23.088745,48.71943,150.7646,-27.545258,-136.25613,62.29351,63.088543,-241.69812,76.17491,48.63205,77.73254,-64.71552,108.93704,-22.946152,200.80812,182.29674,134.65839,30.61982,103.09094,106.06837,-122.7025,157.54474,21.658272,27.708221,98.0032,101.47746,-123.97957,21.508997,98.08291,22.80652,-160.39378,-68.98583,-167.49591,200.34128,36.426857,-136.86288,48.67631,37.288235,2.5604324,-97.875404,181.95406,-280.64493,26.2364,20.03232,-50.636017,-116.272446,75.381256,-53.301033,-150.89088,-47.28128,160.56969,29.63242,165.60428,-78.18671,93.75978,-98.692474,162.1978,61.911728,-37.049072,46.85339,85.27611,-136.22177,46.56742,48.95569,100.56706,140.8518,183.0136,-26.76434,69.644394,19.342352,-47.939835,-168.4069,62.827316,155.68105,141.09674,214.06267,-36.675423,216.42947,15.960603,3.0876026,-73.42838,146.57704,-174.51353,4.5428696,-202.56712,-60.64312,128.49983,177.21947,103.986786,101.70179,-39.25277,125.49035,-40.538532,-205.61314,-35.189102,-58.497444,-56.211403,-163.54918,-100.93789,-68.58688,32.479465,-47.585045,-151.57686,-90.87267,-83.15947,77.484634,156.51126,102.92521,190.55634,-132.90022,-50.396904
67.2088,32.495934,63.469894,54.73949,21.427164,46.692593,176.16643,-42.734688,-168.24632,65.1389,47.986393,-209.86778,60.74874,15.490134,53.88904,-83.23111,127.24229,-4.2435074,184.247,153.49295,91.85611,41.822556,121.251945,116.639595,-67.975555,182.86115,-34.79404,32.908092,81.17351,98.63421,-144.56186,8.833663,108.36876,41.385353,-148.77591,-64.67763,-130.76122,203.53725,31.581587,-125.97664,49.530884,36.691864,-28.226723,-78.07256,189.78046,-242.72165,-12.599697,57.523506,-30.644043,-95.02562,89.143745,-24.6562,-90.183876,-65.86215,117.685814,27.934195,154.11491,-73.769165,90.625786,-114.71608,168.46173,24.33831,-61.146637,37.798256,70.82219,-99.77889,10.333511,53.039085,163.96071,120.36318,185.2164,6.8737097,56.82839,-16.272274,-59.135345,-156.1875,58.796024,116.383224,117.71887,167.1992,-83.1685,163.55302,-15.804661,-40.349056,-70.00791,165.07341,-143.72871,5.380129,-141.37971,-83.8789,90.48467,164.02795,61.28562,114.337906,-51.14361,92.64354,-5.8399353,-194.87329,-46.435326,8.200214,-62.335564,-191.86295,-118.1272,-9.764446,42.668236,-70.22726,-142.69998,-90.436134,-42.51483,99.356735,176.09172,84.29661,191.34518,-125.48311,-45.62239
53.719357,81.48575,61.538197,60.87972,28.790152,42.061638,131.11386,-8.138813,-127.35089,46.06472,51.825172,-236.50119,93.32312,13.235965,81.938156,-115.60661,89.39315,16.245857,230.23877,184.01518,128.35579,27.395592,97.5033,119.6364,-120.87369,215.48582,28.385864,31.20714,127.34988,91.29998,-162.33163,92.653595,80.10185,38.57395,-153.99388,-96.76188,-145.40683,189.72086,36.148834,-161.10544,65.807175,17.770927,-31.364502,-68.92,167.39789,-219.26292,30.055117,28.82351,-76.502594,-125.27722,82.219925,-47.998817,-100.42997,-55.74308,87.04333,45.552773,152.11253,-87.84218,126.17581,-123.594986,155.44112,30.693462,-22.474377,45.34877,135.00198,-79.15506,34.587585,24.772472,113.84797,134.44214,176.21454,6.6764116,62.136772,20.358625,-31.777176,-189.68494,9.3761425,175.521,125.45651,202.9659,-66.23363,193.63103,-22.461552,-34.23199,-89.52861,168.91727,-81.67501,-3.565651,-137.44969,-86.93387,143.24904,152.5994,118.75466,89.702194,-23.674858,131.19853,-12.350552,-182.84908,-47.454353,-65.10527,-81.55014,-175.01591,-142.879,1.9394855,43.139084,-57.0987,-181.33911,-89.86028,-13.537033,66.923004,120.39448,64.77631,190.06671,-145.97763,-35.93452
82.390915,84.64753,45.748722,44.498478,20.47979,36.58976,156.81575,-22.20346,-116.06213,77.181145,35.52606,-224.66252,82.525665,12.227002,79.71413,-84.127655,96.582954,10.9796095,171.59871,184.25677,97.66207,35.889458,124.03153,97.95599,-93.25951,184.04643,-3.08243,17.96631,47.9834,86.49902,-126.56186,40.25547,51.28087,21.681446,-119.442764,-120.65097,-160.01625,163.55894,10.657339,-146.50801,52.719177,50.331207,-20.583878,-83.83118,163.24217,-262.38864,27.147625,59.176403,-56.40963,-130.00735,86.65716,-58.84069,-99.76286,-80.73645,144.80151,46.014694,167.14645,-115.72244,102.33755,-101.24662,147.559,29.549541,-18.766998,42.997097,75.273506,-63.52363,19.372423,34.587875,130.61432,110.11238,144.14558,32.274303,102.44241,15.339471,-19.674202,-164.05275,71.30603,148.00865,115.3285,160.2826,-114.34927,193.9889,-22.243385,-63.093384,-107.2518,142.18607,-115.3568,29.473663,-138.94403,-83.293205,112.58592,162.0845,106.52413,97.66061,-48.68817,139.29791,15.759058,-190.42537,-30.60847,-16.251926,-48.285614,-193.83755,-86.04766,-2.8270912,35.994457,-57.13542,-196.24188,-74.90675,-19.393318,68.53952,184.5396,102.59077,176.25203,-104.84139,-29.602436
67.16954,86.04215,33.431896,29.108315,23.660841,32.496277,162.16676,-36.220463,-157.46025,53.857887,48.27946,-222.02824,83.32991,-22.868465,68.96576,-77.81791,121.88469,20.227402,175.71848,208.97194,143.95354,13.693481,119.14762,151.94815,-126.82329,171.58574,29.23152,1.136776,97.173904,52.282127,-154.23816,25.21725,79.213806,70.033035,-155.78046,-106.778336,-139.71126,178.40088,39.570045,-125.425354,38.915573,46.483883,-10.190605,-62.356842,168.4755,-249.04843,30.57226,40.860775,-105.35317,-104.42806,73.58457,-17.660912,-99.58542,-67.15725,133.78452,48.42478,131.328,-86.0919,88.24493,-83.87732,149.13364,45.648552,-35.32341,38.823513,133.86517,-96.45611,15.910543,29.210789,101.24672,120.14835,192.85843,23.536413,53.97445,20.774817,-18.332005,-200.95238,42.172066,145.31973,114.337006,200.45793,-113.40468,161.22882,-17.169754,-51.728584,-93.79846,154.0555,-95.61797,3.8556118,-129.54451,-97.15075,88.262054,169.82535,131.56253,98.34673,-17.063435,110.8531,-17.3069,-191.78304,-43.88987,-57.85869,-15.319691,-191.5012,-141.04504,-12.673573,58.404243,-73.20835,-185.77943,-56.764137,-76.904976,74.14986,175.9247,52.638153,148.53293,-136.1738,-36.245262
67.82988,68.54311,47.073395,39.156776,23.761395,30.299723,146.4542,-11.526146,-151.08076,50.972572,95.43704,-250.94556,80.63083,-42.761948,71.890076,-111.51239,86.8848,-7.742668,184.99332,176.87625,143.9542,33.402107,82.389786,108.939926,-146.13783,163.31819,20.867851,36.650665,110.0091,88.95939,-165.16379,9.392633,81.25357,57.305336,-178.96104,-68.99462,-118.710846,158.48608,36.416473,-148.39659,27.432976,65.20297,14.504177,-39.6747,208.05588,-247.45444,12.172731,12.604485,-77.83685,-155.92809,83.24676,-8.427694,-117.78334,-93.27307,117.224266,35.339096,171.1579,-109.722946,90.52095,-78.36584,188.25896,24.821012,-19.659008,61.08904,147.82684,-109.73137,16.75224,46.512573,126.04257,143.04431,185.41301,26.084026,62.059845,18.524221,-26.692547,-172.20767,58.742493,168.9007,112.434395,201.11311,-114.90802,167.68123,-18.992638,-46.647827,-117.42641,127.71899,-111.527466,6.886775,-142.45892,-68.0539,93.398506,161.04747,94.81848,50.40316,-24.537857,113.35184,16.496906,-190.43242,-62.04271,-65.71306,-4.9474583,-213.08948,-120.64075,5.043625,67.48365,-50.963684,-178.85104,-102.17848,-60.320084,77.307236,150.56851,93.450096,158.52055,-140.73206,-65.51581
59.48373,63.02844,40.984077,15.29208,22.745546,35.09974,141.28658,-39.090427,-140.92786,71.98355,102.11896,-218.53445,91.00395,-59.394615,59.096222,-101.15964,132.93805,19.27563,140.37816,167.41315,141.57794,40.37201,125.95953,102.66543,-104.05781,174.93259,-21.398285,18.235903,61.96736,102.64192,-191.71864,6.854518,69.071045,63.07135,-231.95392,-111.61751,-108.74039,204.55315,5.535574,-133.242,48.847595,40.33043,-13.172359,-36.419304,145.31262,-243.86057,41.235283,65.65408,-90.444824,-110.68521,79.90434,5.2778206,-105.28169,-54.70092,122.11935,73.04404,179.53577,-90.37912,142.6813,-119.73012,146.23566,22.839058,-60.156593,43.57005,99.20556,-73.52977,-18.340805,20.25281,98.98332,134.28479,198.91791,26.731882,94.199844,25.394585,-43.011368,-202.74129,39.96012,125.41819,144.44574,205.50708,-95.66086,172.34424,-19.585114,-36.161682,-73.783424,155.84773,-111.67241,-23.799236,-161.18048,-96.44482,77.466095,176.3863,111.96571,64.87892,1.6813393,105.50108,-8.922283,-174.43863,-35.10583,-38.563423,-98.5273,-242.32819,-101.80666,-19.206715,25.298948,-81.18098,-152.19499,-80.27371,-29.67564,58.684437,171.56378,100.86351,167.93695,-126.5287,-31.051392
72.651665,84.411606,58.566113,30.787975,26.835112,19.677471,142.58449,-9.472914,-147.56467,54.947983,85.761055,-272.2246,43.2724,-10.705513,56.31891,-128.60304,117.50458,11.187568,160.52528,166.90948,146.40086,53.45122,101.630646,119.290565,-112.21564,163.80894,63.709595,63.990753,100.585396,98.54249,-169.52098,4.974394,85.57605,72.955826,-198.95972,-44.158142,-148.04042,148.09575,33.64148,-119.468796,67.879166,16.593662,-4.391428,-37.129044,178.74153,-277.0829,13.073932,50.881905,-68.62096,-128.83339,93.19972,-43.917625,-129.25542,-78.685844,98.782646,97.292816,157.95352,-99.53148,107.05788,-74.64495,172.73488,59.130882,-26.68008,13.204737,152.2876,-101.914696,-2.3237495,54.746136,111.64373,112.49176,151.01692,20.530388,79.96323,12.169391,-47.811317,-162.04434,81.99157,177.26556,94.364815,224.4624,-136.9733,166.90628,-39.580433,-67.70272,-78.57652,163.41827,-125.82965,5.5562477,-170.40979,-58.817207,106.14757,189.46205,83.797455,32.78725,-31.073597,106.433525,10.998671,-179.92786,-56.53794,-81.95616,-60.981606,-227.56044,-116.60408,-9.345291,52.827564,-36.7846,-183.06047,-116.56282,-45.476875,82.67827,190.38466,109.84413,183.81346,-184.60023,-58.652626
78.54824,66.09855,56.58863,55.119846,26.800795,26.791557,148.42978,-33.76918,-147.21437,59.979992,73.95581,-196.23308,54.670746,-28.00618,38.61216,-74.37182,160.14813,16.98211,119.423775,174.37291,142.5711,42.44791,109.62853,132.36697,-140.16019,159.97142,-5.0982094,21.37662,94.442406,120.15453,-166.45451,17.358965,85.86,49.934708,-203.8853,-102.47325,-149.33604,130.92606,12.006215,-111.40317,34.223145,58.693142,-7.9023476,-64.56212,208.87209,-290.55353,19.151337,41.352028,-93.599236,-112.8629,87.175964,1.340025,-110.87805,-74.19294,138.0578,52.46996,133.06897,-60.416367,98.5107,-85.602844,128.18414,51.797287,-24.870907,41.887844,115.2984,-101.2748,26.895563,34.811985,94.22625,137.42911,150.3395,4.627058,52.900475,32.17291,-27.290833,-173.56935,80.44247,182.81485,107.07245,214.70125,-102.21278,173.02132,-24.285942,-26.316975,-117.18138,175.98238,-90.981255,20.578583,-143.73592,-88.14562,103.5511,187.87695,116.264114,28.845865,7.929199,143.17215,-8.372982,-181.39091,-55.09546,-53.62903,-59.13758,-196.75203,-104.5148,-11.583656,38.194473,-73.12366,-165.44301,-122.10498,-80.12085,73.503426,181.07576,95.51625,190.72986,-148.77538,-45.467743
67.83838,54.757187,39.66594,23.472292,27.32407,32.84738,162.21446,-17.12553,-155.16666,54.573833,37.09583,-198.94948,42.17611,-32.010075,12.045787,-82.97754,107.17702,59.181988,142.44574,156.49951,127.159805,-13.706726,92.24905,115.73665,-124.87866,137.59781,64.11212,22.223991,43.33977,120.44188,-132.44917,-2.143736,55.886433,63.156418,-248.44849,-69.15809,-118.691284,164.22194,-7.3238983,-84.354454,53.803085,76.01905,-20.145077,-27.15107,191.20732,-242.87543,11.736233,28.388,-79.516426,-146.08748,67.782455,13.400973,-103.47175,-114.68982,114.41838,82.58384,156.69762,-99.25252,121.11203,-102.24522,149.71838,18.881721,-65.3892,27.931028,151.62485,-84.77723,0.19212914,52.801323,108.379524,124.00063,157.3994,26.624851,3.918644,20.588427,-2.489214,-218.54173,85.59376,192.87704,52.462948,222.8702,-101.31667,153.47534,-57.751083,-73.16114,-98.72328,161.59587,-82.09723,-15.424156,-145.77408,-116.695496,93.14697,198.42152,125.6622,38.663765,27.997858,125.0267,22.40278,-182.20464,-5.2712765,-51.415367,-51.410797,-204.17413,-104.28168,-37.427418,81.65013,-75.561874,-193.73776,-74.867294,-70.59819,116.13852,172.93404,95.67348,189.9141,-163.88725,-54.71585
60.800335,83.93419,45.086273,53.83972,30.216528,40.680946,119.00668,-50.593895,-143.37921,61.07665,-0.30191422,-214.97272,53.684746,10.130843,62.75224,-59.533974,95.718895,51.674065,151.62898,199.87305,131.35474,-8.625629,120.11521,147.22441,-101.90442,124.10998,21.917288,14.45228,105.59184,86.99083,-177.58301,29.525278,64.92166,48.1074,-173.76012,-45.32113,-155.7213,156.45909,46.58725,-107.78909,27.635805,54.249252,-2.4622154,-32.671986,228.56401,-216.21408,17.511673,28.232603,-112.05403,-130.24832,70.22949,9.410192,-75.98652,-84.57559,112.62035,54.27823,121.811905,-86.96995,104.87232,-128.24188,138.59698,49.805855,-55.304047,80.67103,162.86566,-129.45241,4.5273285,45.450077,145.10042,137.90756,113.26079,9.262418,51.231483,-8.779203,-22.208427,-214.06198,86.749825,168.62686,110.82591,231.23894,-57.89583,163.34232,-24.758862,3.3519783,-55.569977,163.14267,-128.20863,-4.3928337,-133.08072,-88.79953,95.52356,169.13918,118.06972,47.343597,40.884438,125.90447,37.255302,-234.04599,-24.08791,-53.74491,3.8383617,-249.58093,-141.12094,-33.709618,37.014954,-91.90076,-151.06088,-75.68687,-67.079384,100.098076,169.00883,96.9917,192.13533,-111.13916,-45.911438
79.0,124.0,68.0,81.0,16.0,36.78,161.09404,-8.28816,-162.5039,99.0,113.52902,-238.60449,48.721714,45.358276,20.030094,-65.09418,-7.7471294,42.624435,95.78479,48.449852,120.19677,10.537019,59.605457,107.92132,-124.410034,148.84427,27.640476,64.38197,110.583046,73.31427,-178.85901,-97.66617,-3.2662926,164.22897,-290.19662,-106.145294,-122.21594,152.11295,163.94916,-8.69021,70.92529,33.267094,-143.40833,-33.426582,317.6577,-330.42578,76.398094,66.23246,-167.99872,-73.390755,0.046398163,-52.37197,-167.53847,-22.268402,-9.580673,84.02098,144.00888,-56.198563,156.75914,-143.8938,19.311762,91.84018,-101.622986,147.564,36.357418,-105.23613,95.73891,23.961605,134.10248,207.46947,90.64272,-26.308151,11.959771,18.726156,75.85799,-276.589,117.885826,88.20077,9.11201,261.32834,-68.5909,163.64198,30.110033,32.298897,48.10915,293.5332,-76.54463,-18.057827,-185.49818,-102.81068,68.08157,178.85133,76.67636,45.467648,75.8632,199.65335,73.924904,-249.44626,-34.94855,-179.53316,28.203644,-241.57611,-123.309296,-71.5441,6.359789,-118.0896,-129.79346,-17.179241,-60.646942,94.39849,158.83298,109.33348,243.17374,-213.31937,-34.663204
72.44157,87.86819,16.458298,49.629555,26.080578,24.086304,104.6933,-45.299652,-136.61855,66.024956,37.3362,-262.04636,70.40716,0.5229187,82.79883,-42.65973,84.88854,29.647333,146.27339,184.19131,136.13527,20.826797,94.37086,124.68975,-134.54071,187.79648,27.851011,63.901558,106.21134,111.75184,-201.76471,11.078525,75.39429,49.2305,-204.77905,-80.07836,-142.75156,138.49237,31.466814,-147.26564,27.435812,50.20291,-10.340782,-67.76205,221.69127,-330.23074,8.777551,2.6090355,-63.9871,-118.22084,53.43553,-13.537884,-129.64644,-38.831215,186.5645,63.42135,174.12529,-64.57087,136.4284,-88.47325,95.84892,34.75747,-54.107704,67.627365,92.81273,-172.71255,10.786914,67.27896,118.75453,128.16473,158.9896,1.3385372,97.58514,-30.514423,-23.107643,-249.97925,54.175423,176.07874,92.25503,218.38489,-66.83079,193.29727,7.7196064,-29.175743,-56.86286,188.8484,-144.25496,15.937889,-153.26543,-55.981163,93.49338,161.61879,113.64742,38.3499,40.934525,129.34503,32.681625,-237.45181,-39.721138,-94.367065,-32.690483,-130.98328,-123.95503,-13.586487,53.34282,-103.64201,-156.56313,-65.46075,-55.045296,89.13406,177.45908,109.3569,184.2095,-155.81474,-50.36611
70.60596,48.20785,10.036786,46.824978,27.958876,45.319546,132.52014,-10.5346985,-128.96817,61.01697,51.576244,-239.68726,84.04973,10.387025,58.752476,-59.187607,78.66236,30.047155,190.35011,135.09912,136.66177,40.370857,104.926865,154.40976,-143.8219,184.21593,50.872257,20.407442,113.39458,120.65752,-172.71236,-41.294434,81.93841,52.05603,-191.07474,-55.27932,-180.25603,153.64967,50.59051,-145.30792,53.450874,74.51875,-5.1884193,-75.8417,215.68977,-329.84088,23.703413,28.043583,-89.45453,-135.36142,47.212517,11.365526,-97.14207,-54.7266,142.02155,91.852646,144.06766,-70.9843,95.94796,-119.90509,111.56865,45.531204,-70.389824,46.43272,90.015114,-105.672195,60.743004,79.85199,147.24918,131.2201,155.38048,-2.0520573,70.397675,43.74951,20.998474,-247.07678,48.3619,172.68489,104.26034,208.40154,-59.460045,167.34975,-21.640697,34.41869,-109.30443,214.76088,-151.90909,-1.4653606,-143.85994,-77.29759,42.420982,175.26059,164.10623,62.15298,26.28237,121.58455,-8.093058,-235.46518,-31.390663,-59.446014,25.46066,-171.37132,-125.480804,-50.234924,73.623795,-85.70733,-145.18015,-115.39726,-41.77128,127.82246,181.48636,119.29245,187.02612,-134.4683,-43.968872
110.0,125.0,68.0,73.0,20.0,-38.143726,184.23366,5.7483997,-153.41316,98.0,46.976746,-213.4119,60.920147,29.799149,-1.7655354,-62.068794,58.06514,-60.221832,83.54799,61.149326,140.07605,84.611145,25.263153,74.180595,-121.49797,236.71024,-10.976086,59.769985,128.36583,129.33025,-131.90018,-63.69005,44.45703,108.56554,-183.73517,-151.29556,-133.9709,132.04904,20.572151,-58.232147,82.746506,32.595764,-111.06082,-92.598175,209.46622,-303.6184,108.01274,106.1605,-197.225,-61.680305,9.808552,-38.493786,-131.65169,-32.05849,104.245384,83.597626,208.53053,-98.01598,145.17438,-124.181564,82.21228,63.581116,-147.9786,88.20214,45.848236,-0.9896393,60.205036,67.14777,123.4952,139.07977,120.69881,-19.699387,-8.759813,17.164211,38.64331,-303.98972,65.15456,44.729294,100.086494,264.87103,-59.87256,173.4191,32.341324,-28.63564,-21.071114,237.90572,-114.08617,-4.8613987,-167.66281,-70.416695,26.55477,177.20474,45.263977,65.04213,-80.32556,150.76964,93.58586,-143.90518,20.93224,-137.81522,-18.34684,-175.87813,-74.511024,-34.222397,64.58397,-156.1379,-189.81201,-13.302372,9.133025,111.288666,128.0332,76.605576,194.46472,-167.5778,-51.084007
73.53987,53.043907,54.478477,21.7866,30.820154,63.90751,108.45817,-29.967972,-152.87076,64.47395,45.72066,-236.48343,102.74671,-20.87975,62.639503,-89.80542,149.91956,-10.278515,161.0121,176.7707,141.15683,22.19547,48.64736,125.48783,-144.06503,211.07677,45.247738,-5.1155567,137.19673,135.36409,-114.2357,16.9062,72.14578,71.08876,-168.62004,-84.898,-187.74791,180.85313,46.183784,-100.24998,15.119934,55.371655,-10.153843,-85.68947,175.6787,-276.65714,16.811626,36.005623,-76.48828,-108.426254,28.274345,-26.91563,-139.4851,-29.885525,124.35476,48.062065,169.7811,-103.36963,109.77278,-109.43855,103.885796,30.162615,-72.73261,80.21771,91.98534,-84.094345,53.044067,25.055504,154.08813,120.35133,109.28811,0.8609047,62.964684,20.964642,-28.966728,-205.37422,58.98803,141.68634,98.56865,219.59538,-78.31883,201.40736,-0.9592247,18.117125,-110.2258,217.68835,-129.76793,-17.705498,-148.1919,-92.84956,96.52376,167.45114,134.80649,65.716125,-2.2221966,154.33957,12.378149,-206.17928,-25.20731,-58.50531,-27.01904,-214.58032,-117.91518,-6.45273,68.82456,-106.375244,-147.91608,-46.23005,-15.704136,74.775085,166.9585,95.76478,176.66676,-142.52748,-35.80572
84.07562,90.930016,52.573174,33.771576,26.956316,46.311157,96.89207,-10.432869,-170.964,63.490612,71.441986,-238.74573,75.19249,21.435242,66.335205,-59.80184,97.75364,12.144722,150.81763,138.95721,124.255745,13.579408,79.02479,110.252945,-146.35213,145.45418,59.953094,61.626534,107.479095,121.50881,-138.45987,24.328703,59.432808,61.279118,-197.31184,22.961065,-177.21606,196.874,5.3968143,-123.67111,26.519026,15.899221,-23.727345,-32.454388,227.04543,-301.09146,18.811314,31.698997,-77.44205,-166.10132,42.251686,-15.793556,-115.68541,-83.45928,105.67958,102.55072,166.1424,-82.28214,142.65024,-92.71741,132.95914,8.6772995,-33.47603,111.80024,111.7855,-142.35074,-1.7644863,10.107298,184.17873,118.20379,171.43951,23.078775,85.23935,28.945465,-75.25983,-210.46487,49.59497,130.37585,88.20382,207.03278,-80.31298,193.32906,-15.557354,-12.059467,-109.76781,189.90942,-123.955475,16.485426,-122.81793,-88.00255,87.34307,192.29156,111.13069,61.04588,1.8060265,133.13478,-6.0941677,-208.96275,-0.66492844,-50.41703,-63.020134,-181.9281,-122.03125,-35.034855,74.67856,-101.31636,-182.4772,-90.01107,-40.198208,74.08568,143.17735,131.23907,200.84642,-167.03667,15.0
78.62634,78.216385,31.428144,18.484573,32.06309,29.020603,127.13345,-30.563526,-147.89919,57.94325,58.432907,-246.54825,80.39495,8.136116,63.236156,-50.27639,117.12979,-1.9262524,149.48297,195.14053,163.18567,47.588078,67.431076,152.27672,-137.6892,184.93315,-5.9429684,48.45378,136.14871,132.778,-148.17046,15.898517,108.04407,125.27515,-242.42511,-49.451057,-170.73732,203.83751,7.4648485,-98.497665,14.184419,39.327087,-15.878838,-79.67335,228.30128,-328.21252,-9.006132,18.225409,-83.61254,-165.28076,46.774666,-25.569214,-94.56316,-85.949234,117.85424,76.16011,147.74634,-92.213745,100.96528,-116.46744,145.547,21.957699,-54.04698,82.48589,132.92398,-106.70055,12.377699,17.44547,150.61661,151.05823,182.08449,1.9835072,86.12027,40.33457,-45.31201,-234.34354,72.77896,150.8986,116.49186,238.60837,-62.37867,233.06815,-45.10573,-4.194523,-121.36751,160.12897,-115.81059,1.9012318,-155.30864,-96.49931,79.96625,172.48322,144.46703,34.707207,2.6909237,121.78323,35.139965,-200.98778,-1.0315113,-76.33415,-52.673195,-224.64523,-147.52641,-80.90872,97.41233,-88.03988,-180.88557,-90.02426,-70.10215,126.956894,156.66542,124.97988,194.21227,-135.51239,-59.942703
92.0,138.0,79.0,93.0,15.0,-52.679657,135.84146,16.790442,-157.65285,98.0,77.44548,-226.62456,15.660715,3.745798,2.5578842,-77.060486,8.115704,2.3050175,80.25676,61.13529,123.97047,28.813381,36.66812,84.456604,-136.9407,208.43094,-30.777271,15.383733,121.651146,103.01278,-179.00543,-106.6714,-0.2981949,136.0162,-262.24738,-116.2455,-85.30195,193.08783,85.94815,-87.55498,80.16598,54.57978,-126.020386,-57.97412,266.55606,-350.12524,85.075005,108.66203,-204.3541,-90.90914,-0.68785095,-44.970734,-158.61957,-23.817028,38.053307,97.37218,161.2907,-88.242226,176.97252,-187.02629,44.289436,64.0997,-123.61795,92.56237,21.074944,-47.39927,63.211548,55.116184,218.96474,214.46516,107.04178,1.6496887,-24.948006,36.922726,61.35147,-303.5033,43.49562,57.253212,78.83192,309.91916,-75.80408,188.73811,46.738277,8.267187,8.0816555,242.68257,-86.672134,-38.9324,-158.74304,-73.226364,54.094078,171.94345,52.313087,60.783813,6.7335377,166.77718,90.36323,-203.42549,-14.685402,-157.27379,6.4358463,-226.11964,-111.64363,-54.72988,53.437576,-155.3978,-173.60442,-31.361225,-59.062042,115.53127,180.01756,78.431366,217.3045,-195.61803,-32.531357
62.38714,73.21573,28.937708,42.964867,30.040749,28.076918,122.21421,-64.68584,-163.04662,56.311356,27.749657,-248.05594,102.19637,11.239398,94.40803,-115.555756,134.98706,37.659134,168.9644,162.94669,155.4086,-6.9510193,86.44916,93.04092,-181.7318,183.90778,50.07901,24.023336,105.17243,123.517,-188.66032,-12.811619,68.09505,93.67165,-200.10774,-66.67444,-160.11375,209.005,49.600815,-154.68747,40.285725,37.608555,-49.92301,-67.99922,213.4796,-286.3093,12.291964,20.783743,-75.60957,-124.02898,13.925063,-4.595127,-127.64017,-44.175995,125.62851,74.40183,171.56148,-80.64898,131.73018,-109.01012,113.1763,41.819607,-57.03826,75.64726,86.00582,-95.9301,39.380554,64.178764,133.63364,127.96642,132.4187,4.854847,110.133705,30.281052,-45.167686,-237.36746,55.048122,181.40378,110.19539,201.93605,-64.42957,192.56389,-21.31886,-24.103504,-133.06967,203.19363,-112.5004,8.612046,-142.68741,-63.0437,91.65162,154.30754,133.53835,62.509834,-22.4865,138.0769,43.249107,-197.0012,-16.463104,-54.70244,-26.985867,-180.04169,-135.86125,-32.70365,48.94583,-119.41222,-195.44661,-75.09185,-33.95757,105.01135,167.1356,103.5868,181.71931,-118.601944,-84.3333
74.81148,47.424652,50.563522,32.652283,33.811974,48.95169,107.93179,-50.472122,-171.14252,57.317196,37.23275,-231.12325,87.103195,-29.680054,20.568428,-89.0348,103.58611,-19.35368,158.57985,155.54968,117.57037,31.978806,68.00426,145.38309,-101.62256,163.29858,49.032574,46.54232,105.25981,115.08879,-158.80707,12.532227,72.3813,47.594887,-234.16016,-29.694092,-121.241974,193.0845,43.980827,-92.28477,17.665829,39.48834,-11.05331,-71.401436,169.30472,-311.95758,-14.934479,5.98575,-105.546455,-172.28621,53.25242,2.906128,-80.464195,-55.98754,117.19623,88.56712,154.36636,-34.622303,95.6456,-119.069275,179.12965,14.088864,-75.0343,69.0998,124.82052,-103.46621,17.842615,54.396336,144.22232,162.48949,142.08344,6.787553,96.56359,48.239,-55.484314,-215.21915,51.454845,153.59056,120.08308,201.90494,-53.492874,176.45744,-16.492874,10.746817,-99.308716,175.6367,-117.220505,5.6445446,-161.25224,-84.83263,99.60412,155.4834,132.43314,28.65305,-3.5599117,130.3508,25.952816,-205.80899,-28.842766,-72.08463,-68.36521,-192.29889,-112.896286,-55.04805,88.73529,-110.63489,-143.49817,-102.52606,-63.288177,91.21143,157.32382,119.89816,199.35258,-129.04947,-59.932854
74.74991,71.65994,38.11569,43.84236,27.257729,15.078395,141.44867,-49.20907,-145.67867,77.51358,42.928825,-260.68622,75.08205,12.419273,41.756054,-74.629776,150.9455,45.88097,151.86682,143.27148,147.30283,-16.578796,99.10623,153.99255,-110.40178,195.74368,0.7428684,52.534424,100.88641,84.45665,-144.49115,46.542736,91.529686,78.336334,-222.18813,-9.907539,-182.12183,187.9884,62.42589,-100.57184,33.799397,36.891716,-29.625908,-86.05234,187.14601,-304.9301,17.108084,23.230833,-90.82787,-154.5676,55.847084,-18.451263,-104.942215,-53.15674,94.10952,63.348354,156.45038,-83.06131,159.33493,-119.01437,108.61768,24.067993,-42.45175,106.52396,120.40623,-86.54143,-4.8175526,35.44366,130.99855,127.08888,150.3454,22.174585,72.68299,57.040333,-30.029678,-194.03935,51.245438,174.07019,123.64653,194.34964,-98.636734,216.37451,-21.063774,-6.866913,-68.837074,190.37958,-140.1298,2.260643,-151.91504,-140.06635,82.837036,189.18846,135.2125,15.05909,14.271768,129.57376,29.346006,-179.75499,-10.171772,-59.586563,-41.66722,-193.367,-132.63882,-51.093758,67.55904,-104.306366,-181.52365,-88.369835,-67.15441,101.31908,147.81749,130.76273,210.10654,-141.47565,-60.696457
98.0,135.0,74.0,87.0,20.0,36.44,102.29213,88.0,-162.4341,97.0,54.76008,0.0,82.9657,22.665554,6.5457706,-92.77229,42.00157,1.4181347,102.582245,69.321785,171.64806,55.724773,83.75016,78.48257,-86.4296,205.23137,-22.512123,26.147905,118.29029,111.52822,-147.69298,-111.042465,34.397697,146.45245,-250.08185,-86.674225,-128.40738,187.42538,75.29494,-88.82397,69.27905,17.081453,-84.87252,-141.13084,273.73654,-365.53647,90.10042,89.63674,-155.2989,-38.92889,-13.744049,-52.436768,-190.02797,-46.787613,50.362587,91.19657,135.38257,-101.11364,146.11974,-156.92537,75.03732,61.392864,-125.55597,144.50127,42.191803,-69.33461,89.52882,66.685745,181.72456,138.10458,124.47457,-9.096924,-7.8474236,6.428528,3.0964432,-283.25116,78.20314,55.54618,126.955956,280.19937,0.75354385,199.9839,19.632847,5.0915203,26.457191,334.04642,-112.9749,-36.91144,-228.86835,-64.020874,86.068726,219.76407,106.22987,121.02548,0.4206829,171.52637,68.03207,-189.02963,-23.48774,-141.6823,-35.18026,-261.71902,-94.00388,-36.905685,39.298775,-130.0173,-220.63356,-6.400692,-76.898384,64.54577,190.13567,56.163048,248.43799,-139.9778,15.0
74.76976,46.18902,57.489822,74.54886,32.113045,49.62811,122.583115,-50.780243,-149.63316,61.595364,23.558908,-256.23535,103.6376,12.295911,62.405724,-111.594635,116.52623,27.030205,158.87915,152.51404,90.6096,14.8737335,91.027596,97.3846,-150.27689,206.13206,23.973148,37.011276,131.84041,124.83575,-133.81198,15.464889,76.85942,76.74165,-174.70903,-27.592327,-163.23305,188.5189,58.740753,-124.6342,52.155968,49.45382,-24.101654,-110.80112,193.4986,-341.73062,-5.7494106,10.179443,-93.72705,-106.99443,35.319454,-34.7978,-137.21439,-20.494167,120.47354,83.12584,159.05269,-78.405525,85.93387,-82.898254,108.58013,37.310738,-65.74139,34.12339,55.76198,-92.19324,25.5242,21.356,119.46665,101.83082,126.090744,35.92343,83.94195,11.058873,-54.21843,-202.22379,58.50065,184.34894,115.843666,214.26079,-61.78266,189.6844,-22.12333,0.87782097,-106.4048,202.31778,-140.00429,-20.522629,-171.30113,-65.11204,96.053925,147.52266,112.33211,23.832174,9.795276,107.58018,6.037239,-184.96365,-41.095284,-57.237602,-18.772434,-145.1678,-140.54427,-11.251377,53.968353,-107.63522,-176.1128,-41.058186,-13.057022,76.45836,137.13663,130.47633,186.34554,-119.22049,-46.26358
81.389145,78.5033,45.707756,56.314228,27.974613,29.494568,139.49731,-21.891045,-155.1376,48.09958,15.748276,-235.71494,89.58518,4.9983025,103.56617,-80.914185,121.257065,-1.5442066,218.11665,197.41814,162.9948,55.205467,76.77702,153.23134,-105.58032,181.06372,29.920809,37.73233,150.85336,106.30387,-151.72565,3.6000767,92.76035,48.75044,-225.08061,-30.875477,-162.84218,168.20792,31.411966,-86.29646,46.530563,32.04267,-18.239292,-73.91367,239.08316,-313.3398,-0.048866272,3.5023441,-96.50925,-128.94315,72.24288,-19.700436,-67.39812,-54.18329,134.42305,55.50198,135.90826,-89.749466,108.383316,-138.8764,179.19267,34.533684,-36.809376,71.90019,162.00684,-82.46791,43.74849,27.189026,163.45433,113.164696,71.392426,14.286685,74.579926,38.16969,-15.881908,-200.57668,31.14832,174.25676,86.450554,216.9691,-59.638428,158.23944,-27.073364,-42.57242,-124.39258,197.92221,-97.87362,23.553343,-96.28004,-105.54351,115.22328,158.68588,94.08106,28.894598,-15.120121,101.46103,-18.481773,-175.45877,-59.918648,-88.19553,-0.5355892,-190.02257,-155.19012,-11.7656975,52.584183,-66.72774,-188.45566,-83.43632,-7.969755,101.43726,140.33218,130.00241,138.71007,-154.40031,-42.023155
74.75715,63.7414,46.300735,33.000237,29.799326,47.867046,152.35432,10.047609,-104.53809,62.507442,30.611057,-228.23967,55.408924,-12.012489,35.070976,-63.085526,101.79861,6.981492,163.44069,175.174,154.21867,83.434875,75.43218,180.66966,-120.32051,190.58545,17.54703,25.954826,129.96445,94.068985,-182.62909,24.894636,75.777985,85.45883,-203.9794,-17.146194,-163.61147,160.1866,4.3984737,-88.58668,60.80564,2.3413067,33.931694,-40.472862,226.48462,-297.23737,53.096764,-17.548279,-138.92838,-156.01602,66.544586,18.039845,-65.37623,-53.8945,114.89133,99.65726,122.93352,-75.64808,114.28854,-109.38225,129.42029,27.025824,-51.56759,84.67463,141.0682,-73.327034,56.76437,17.401783,110.76374,143.66113,141.7875,2.3167171,65.78381,25.033596,-51.50911,-221.76779,22.530088,166.84357,95.45934,222.4095,-73.170204,174.91821,-29.702953,-36.20155,-99.754684,142.07085,-58.558357,13.7355585,-201.50368,-105.23814,62.031456,132.79138,106.02085,18.438555,22.856556,132.79022,-14.505402,-194.4995,-47.064293,-92.26449,-28.888905,-240.92139,-153.59296,-50.439972,88.275986,-72.65048,-155.80457,-71.48315,-63.611115,99.06866,166.50209,77.2948,199.8339,-132.35051,-22.178802
110.0,137.0,75.0,86.0,23.0,-43.455566,169.31154,2.5600204,-180.5268,97.0,69.37009,-213.47055,73.42787,22.856663,7.46762,-23.279507,43.635445,-36.75649,76.89732,66.63866,150.71495,94.863556,38.691998,94.029816,-67.24801,221.35947,18.046356,41.077477,144.77017,121.82877,-130.21492,-68.541336,18.87261,106.204544,-224.28148,-132.60483,-127.77548,112.77051,53.78409,-32.389595,42.24643,2.8811398,-54.418144,-61.87645,167.57779,-305.21503,104.778145,80.51845,-206.64297,-94.165634,17.075644,-1.3885784,-86.35672,-44.67907,79.107605,139.43048,183.35368,-67.60619,145.67792,-146.27296,85.5173,61.17096,-112.50957,126.84068,108.358185,-26.52702,26.461817,39.473827,116.39663,147.54993,93.5052,-22.26104,0.38596535,36.46372,69.81987,-299.3176,20.205908,64.48279,69.61304,249.37552,-70.30492,161.46414,45.42389,-43.715485,-0.50385284,265.46664,-92.52465,-0.6669407,-173.28421,-73.35632,26.03035,162.65523,46.090828,75.36643,-37.237274,155.39195,137.92642,-162.95955,22.425602,-169.48679,-28.002666,-242.05939,-113.37303,-32.701935,55.363125,-188.18555,-183.95714,2.883335,-0.5391216,95.60518,146.90335,63.98146,180.76704,-147.16437,-42.295815
63.153683,93.40747,41.69191,46.687035,26.207193,12.1564865,157.61523,-57.3164,-138.49806,56.957947,109.526535,-277.81604,119.9361,17.44801,68.64044,-76.5565,177.15027,19.459076,121.982346,167.34511,140.56499,-0.4529209,100.39275,112.18876,-98.58203,169.56093,17.380285,43.464714,104.07007,131.01184,-154.42099,6.431486,43.320244,68.60239,-193.99045,-87.40975,-158.78377,169.71239,8.301441,-137.65201,35.374596,44.18315,-9.945492,-60.613884,178.7634,-267.41708,-17.190346,42.2822,-97.59639,-121.87094,47.64804,-6.494238,-104.31642,-53.55088,112.39163,52.896927,169.6972,-62.2099,98.39737,-91.57298,146.25797,35.77623,-48.672432,54.083908,80.1879,-80.59587,7.228609,86.79759,126.724846,144.29329,96.03645,-18.193481,77.72084,36.99643,-59.765755,-196.77309,45.516876,116.55251,78.039085,187.54442,-74.2617,182.86284,2.6568508,-50.883842,-76.036545,196.10371,-133.71207,-4.8264236,-133.9036,-54.77204,83.15781,184.53603,109.16794,-8.916609,-14.64809,110.35858,57.736706,-203.25145,-45.481804,-81.699,-70.986176,-213.54486,-125.82263,33.0183,75.86529,-122.09149,-187.20209,-59.339706,-26.305077,86.02194,155.62355,105.87464,179.48003,-133.41737,-23.297836
69.960724,67.60853,68.38909,52.06861,26.456388,41.567085,122.19698,-25.570911,-152.83684,66.73819,115.65395,-237.2378,94.8411,19.016832,53.883514,-52.933426,107.10757,23.733576,171.21753,174.13283,119.63485,8.21125,81.89441,122.505455,-123.18625,179.6624,47.885414,65.298386,101.95832,115.07276,-155.37494,61.367607,85.348495,61.08224,-179.14429,-69.7215,-158.51668,199.94855,28.678793,-120.997665,33.281696,45.191544,-13.798611,-53.283867,188.21062,-288.94714,29.81148,18.362066,-96.65714,-128.05185,39.397064,-18.57167,-90.08822,-61.105377,156.02922,46.424767,134.86006,-73.73416,105.54016,-109.895065,168.29706,50.265068,-75.20673,39.784294,97.30354,-78.07748,15.067299,41.773422,133.25851,125.51587,85.69854,36.38096,54.51938,40.747406,-23.900448,-128.8341,39.165863,129.2212,144.74191,182.74121,-105.25574,168.9107,2.9379978,-64.15541,-68.73914,195.36446,-69.57582,-14.340618,-138.51305,-96.520775,94.03517,146.74187,107.84396,22.624723,-2.3007755,83.5768,17.11361,-166.17276,-73.29705,-91.92919,-31.251839,-170.31978,-119.1143,-10.399063,38.10626,-94.70182,-139.66777,-74.347115,-27.91977,105.0384,149.00937,132.32123,184.63426,-96.10521,-41.71318
53.840733,68.39415,42.331432,43.623466,30.573822,17.312359,95.34325,-1.0364017,-111.305115,50.847633,99.496216,-243.25055,95.09416,35.628544,61.658634,-76.578384,129.42474,44.29293,125.917404,175.92143,134.40762,-11.203228,79.05114,152.06403,-76.77796,184.5234,12.086584,50.297646,94.082954,146.18733,-148.85974,55.976482,79.36041,76.77423,-215.62953,-74.27749,-155.23279,171.10912,14.002377,-148.22733,27.041443,91.550865,-35.897762,-73.12863,197.3322,-281.95248,19.494234,46.43086,-116.1649,-110.968414,60.898182,6.6406336,-95.56164,-70.20764,138.65955,47.384193,141.73373,-82.46312,99.43928,-84.55428,139.0635,33.329594,-36.481007,65.40445,100.09118,-84.729164,-16.903912,71.85682,117.099815,121.90743,153.12827,25.803003,74.92725,56.562515,-28.631893,-208.01398,65.202965,135.10046,137.6365,235.74295,-82.22065,148.43732,-26.4841,-27.41586,-58.13472,156.7293,-120.366196,-35.40888,-155.3042,-63.464188,98.41139,186.23976,128.78564,7.0621643,26.593454,114.42669,67.20146,-168.06612,-70.737175,-77.31564,-41.811203,-194.13637,-122.13376,30.860958,64.86744,-89.79602,-152.55528,-68.96277,-28.93649,108.09103,153.96394,98.12201,178.3925,-120.19147,-50.474052
107.0,131.0,66.0,81.0,22.0,-41.186367,212.88383,13.6040945,-170.80017,95.0,52.44802,-232.72964,72.88495,64.26752,8.965062,-71.89346,42.88899,-29.819656,93.95318,103.036995,129.84564,97.32063,10.574309,65.167435,-78.42876,218.89331,-7.856884,71.496826,121.815704,69.70358,-85.77021,6.7977133,19.423462,127.699196,-215.95477,-134.6519,-163.31021,89.77062,65.41024,-67.20087,90.90597,47.216045,-98.33176,-107.20116,209.57544,-301.17212,79.87639,88.39922,-225.87509,-42.764313,3.8509846,-7.5439167,-90.83651,-66.921135,108.02238,92.009796,178.7137,-121.83479,146.41098,-180.08037,70.45232,91.98828,-129.74454,63.552364,18.180105,-1.5420647,17.529583,54.323883,171.08194,137.3223,80.11748,5.9262104,-31.828102,52.063953,50.38933,-248.98352,10.354932,31.279068,124.33707,233.25677,-92.88929,225.12439,39.47144,-57.14245,-7.295353,268.11765,-134.32956,-41.98819,-149.10309,-63.053734,68.48929,165.58206,59.76889,58.06892,-72.77039,164.76567,108.68123,-138.63081,-17.312447,-167.5284,-80.30068,-177.04498,-121.064224,32.877617,60.85479,-170.45024,-212.3959,-3.975706,37.68731,89.780945,115.5975,53.781857,190.56097,-182.51895,-50.873352
69.54848,85.02454,53.056,41.431923,25.502659,48.82969,143.1402,-33.070522,-175.84978,68.67053,40.312714,-263.3087,96.72192,9.764683,107.57416,-130.43861,134.25198,10.222415,159.36551,169.62791,145.62216,10.283309,105.583015,94.031166,-127.2359,188.53645,69.74596,25.22697,96.1656,82.91214,-192.6149,35.800053,87.66207,35.26005,-197.15202,-98.35465,-173.69539,162.18356,21.57713,-129.58716,41.446346,60.063175,-34.892483,-91.15991,216.57085,-311.6714,21.517807,27.473776,-72.12659,-105.67822,47.762108,-19.668224,-120.8983,-67.18346,126.96812,83.56897,127.88125,-72.8286,144.3255,-128.04532,81.91281,38.47288,-98.8605,55.246384,39.921715,-99.0198,21.943756,36.0368,112.12884,132.02577,159.38783,18.4186,80.68625,10.214089,-67.86822,-228.48773,20.434011,158.08022,115.49409,235.57378,-91.589294,230.6729,-41.179955,-2.4972553,-143.35109,208.32654,-126.663284,-44.391014,-145.86807,-32.419594,127.92501,152.00653,134.71953,82.47374,-21.034687,88.7599,34.09197,-163.71411,-51.051064,-66.817665,-25.176685,-217.45753,-130.09447,23.781813,82.58207,-101.66738,-179.23563,-98.60561,-5.881489,105.54178,138.59529,80.24089,199.05367,-113.69946,-41.78263
80.397285,80.69951,52.307026,43.348236,23.51314,38.043617,179.441,-34.0078,-174.7475,63.291454,54.57323,-251.99774,75.57228,6.9611855,97.481,-123.0329,130.20822,23.217518,189.5528,176.56433,182.97217,63.209972,99.34005,95.97933,-111.40825,194.88982,13.040552,61.394665,109.97279,85.99379,-150.64668,22.152319,41.48687,74.128365,-242.40417,-64.72041,-181.79341,182.55873,0.8799648,-120.040054,27.089386,44.023293,-14.65456,-120.426605,217.45682,-297.66434,4.8923416,47.25679,-74.390144,-128.64697,9.095163,-27.709328,-105.94302,-76.85588,107.43876,73.62236,116.59472,-102.41288,117.3676,-144.64366,134.64224,35.93585,-35.92514,22.267317,95.524536,-87.521255,34.636093,37.299637,127.86478,142.90295,161.04686,20.23036,69.28354,53.73884,-68.55135,-198.07956,74.39952,150.6555,116.85447,173.66289,-101.23729,226.73268,-43.761177,-90.820206,-101.236694,185.84978,-102.21471,9.940922,-143.67177,-34.110416,93.029076,163.58162,115.499344,34.208035,-20.807903,125.30355,36.509884,-167.90009,-58.066727,-24.856926,-59.64186,-184.55617,-142.48323,14.067224,70.99452,-92.80976,-198.61731,-93.991875,-35.11277,94.24177,147.41714,86.07359,178.48782,-93.58642,-59.998016
72.60278,80.33865,69.21242,35.874184,30.739376,43.461525,164.07053,-39.572124,-157.03342,56.53351,22.319324,-253.22714,91.23668,7.4158573,61.281185,-110.137314,130.01805,-4.168564,146.31357,172.00403,131.36612,4.402523,114.775345,127.58141,-125.601654,219.33566,7.273943,16.630713,115.18851,98.023026,-180.01935,56.993816,78.071335,47.76774,-200.609,-26.80146,-148.24646,164.94524,11.630481,-134.55751,5.382427,58.873363,-18.696907,-114.84941,175.57178,-320.76663,-1.1284103,18.857832,-76.38242,-136.16869,55.341038,-9.567871,-111.47189,-66.2522,124.128426,48.31138,152.69922,-59.142303,89.96574,-118.37175,147.02625,39.00394,-25.220749,59.829857,97.11425,-94.83411,-11.266037,45.598785,167.3131,128.99106,150.44354,32.07007,62.630836,38.53027,-59.761948,-174.63087,82.78273,162.74318,138.06885,215.35794,-79.27776,200.08397,-29.020325,-32.065613,-128.3617,175.22618,-118.06003,-3.4827042,-162.14362,-73.628,102.02328,148.4292,106.66146,57.283794,-6.6330338,133.67218,6.96097,-172.97884,-57.789726,-45.8034,-59.757927,-216.81918,-138.38057,-24.987503,65.70453,-97.507324,-186.9452,-120.134094,-45.096985,93.96505,173.56403,96.66245,205.98453,-160.05966,-65.89702
75.0,113.88561,36.940052,52.656693,11.0,-7.7919025,145.88513,-21.8679,-186.96933,95.0,14.185078,-271.73944,29.698317,35.06104,23.006721,-31.680511,64.73276,3.184536,141.07309,111.096825,155.44946,59.907196,125.4429,68.87414,-74.18819,223.19855,-1.2778492,-41.422512,110.25945,109.23217,-104.87636,-32.326035,17.71236,114.38513,-226.72028,-114.698715,-208.13596,214.19757,93.6201,-45.931114,30.549305,54.01084,-98.14138,-94.67201,235.95546,-367.8456,91.79573,28.697065,-126.35875,-119.03204,3.0320015,-40.81334,-151.84375,-28.269836,58.74563,69.52372,141.94699,-83.86434,118.43237,-130.78139,80.63716,39.523502,-89.97338,115.913155,23.509258,-86.10842,69.35626,88.33294,143.45764,192.39926,118.88514,6.4033527,6.916397,28.678104,69.17313,-254.25739,104.33967,60.42183,72.75478,241.20421,-29.074772,175.21999,-1.5009232,-29.692337,-49.1914,260.56567,-130.21362,-3.1354828,-178.428,-61.278015,76.736244,122.57434,54.849426,76.25191,-23.788605,173.76149,72.373405,-186.37555,-24.246056,-116.89732,-10.458603,-195.66797,-83.199684,-46.846542,90.94637,-133.21379,-193.99706,-103.78365,-18.224827,70.996414,161.4158,73.497986,201.17435,-176.645,-40.0238
80.375145,50.609516,64.52699,57.392223,27.347591,57.19746,98.25127,-27.139381,-161.3296,60.459522,49.195396,-249.61404,119.0047,-1.4422169,88.08943,-114.28671,141.43045,26.110329,160.24974,180.61385,161.54361,29.982819,118.89219,116.58671,-109.63104,188.52852,4.829506,18.683765,85.346146,123.45967,-182.15204,14.064852,59.448433,112.01964,-229.17265,-63.747086,-181.7174,185.77452,-2.8592777,-143.48024,22.086386,61.87763,-48.066544,-95.96914,213.23122,-300.97733,18.689629,33.714363,-100.68344,-122.488205,34.296394,-18.772465,-123.02159,-73.334206,137.8497,40.038475,182.47208,-56.869827,130.31097,-64.90967,91.84256,56.90595,-39.56418,81.65214,86.33362,-116.56151,-10.497284,62.865746,167.13316,135.70647,137.01099,26.022333,95.7368,26.464798,-38.766285,-205.30075,82.70137,177.45764,91.178116,217.10835,-72.26273,205.48314,-33.131702,-38.330017,-124.80832,212.03198,-139.09306,-0.6759224,-150.67795,-71.51236,106.23647,138.72511,127.956764,64.40225,25.764513,107.46724,-20.58443,-206.18019,-32.657402,-49.05172,-52.739456,-239.20523,-128.55884,-45.494644,44.14824,-89.71209,-193.5646,-96.43553,-39.475906,94.3847,159.28442,99.406334,171.6323,-121.94635,-51.23633
75.00058,63.110558,65.53229,33.781006,29.44316,45.403755,103.936356,-47.230324,-169.69952,62.286434,68.87569,-263.33212,107.07761,-7.7215576,52.10161,-79.44626,127.765854,3.2273712,142.36917,129.32582,151.8296,33.735363,112.85402,135.14029,-70.98291,165.0491,36.29152,34.983788,71.64751,118.50976,-168.59863,52.391197,101.599945,86.40239,-245.51071,-41.82315,-130.57999,203.08533,11.970604,-95.832756,29.147232,67.369675,-13.808117,-63.20137,152.14029,-310.97275,42.842888,15.874463,-98.068596,-146.83813,42.72952,-49.072136,-112.86981,-75.360756,139.31186,80.98306,139.25757,-56.16018,117.26185,-79.71353,148.91747,-6.9746113,-63.085007,97.53733,131.90498,-95.47101,35.839645,28.727507,172.73546,167.64496,175.39642,27.956156,71.54946,50.760086,-53.39081,-196.78462,74.84353,155.52386,134.82347,212.82437,-72.880714,188.66727,-12.459854,-10.500767,-95.13074,237.8348,-115.055176,12.770364,-165.66644,-83.75518,104.38921,204.83298,103.149025,30.366009,6.018839,98.0494,8.80359,-196.99315,-59.95015,-72.36273,-82.16326,-217.02011,-106.292465,-61.772324,48.742348,-103.7575,-163.05278,-94.81767,-23.838753,59.656757,189.5117,93.297485,204.24525,-121.64992,-54.63307
56.466263,77.67761,47.268993,25.671978,29.12059,45.357353,124.26455,-37.806194,-132.59413,47.684937,65.9825,-270.98593,79.96473,15.644255,40.082962,-112.90166,123.42554,-7.883213,174.75804,143.10573,172.32346,13.660584,84.061615,129.45148,-146.17221,175.65509,18.630707,29.95148,137.61111,121.81776,-128.33156,34.288826,100.36692,47.19764,-206.3454,-55.615295,-192.86821,205.79004,11.294812,-129.88937,51.749275,23.29014,-5.562948,-71.756134,187.82295,-297.73218,19.241734,11.197852,-87.32463,-144.80457,81.62199,-22.865849,-136.05934,-35.880985,126.74496,55.364582,140.5948,-87.08821,109.27749,-98.719635,132.20648,52.61776,-56.028023,39.269463,127.94578,-121.58153,15.506716,40.321575,144.94702,124.68867,148.63394,4.7579803,59.41283,24.286121,-45.87114,-229.3406,68.25625,164.38335,141.44595,214.53018,-73.38948,241.56184,-13.301235,6.099409,-67.7017,178.58005,-155.25534,-1.2812881,-118.14816,-71.848175,87.98592,184.07959,161.66689,40.90719,27.4282,126.97185,64.31239,-224.79016,-38.660797,-119.46672,-72.72234,-207.63919,-147.16048,-4.9355583,50.14679,-110.999176,-189.77185,-103.72888,-38.933388,88.50118,152.38872,75.03839,230.58737,-121.2251,-55.443817
75.0,94.0,51.0,61.0,20.0,36.67,149.39874,-18.619888,-185.5196,96.0,87.78957,0.0,62.998894,30.660671,42.0888,-78.19412,14.75717,-25.496456,128.36153,79.29021,135.84659,67.95851,56.4743,48.54174,-159.11281,258.1104,-33.484764,9.396501,119.68226,102.85524,-168.44475,-72.13904,41.77835,127.38433,-244.57278,-156.27502,-161.2385,180.30017,100.58458,-51.306442,108.4158,34.865517,-89.99612,-99.96283,278.75528,-336.97717,77.22354,105.40791,-186.35667,-58.767593,4.282837,-9.353252,-159.27216,-18.343254,63.638134,45.33474,119.046875,-105.62013,149.82736,-129.38268,38.066116,66.08245,-148.76479,110.75869,38.196175,-115.89694,113.445206,38.54243,111.15503,180.96881,96.00482,-29.335316,-16.762203,58.153305,102.865036,-299.83328,71.174194,61.531578,65.26991,230.64452,-71.38835,216.02274,27.737064,3.1361465,-13.22715,260.3888,-86.01493,-18.309555,-154.80379,-63.71752,83.111755,173.8811,73.8298,67.996796,43.454445,197.16989,56.865185,-211.97612,-52.566574,-135.2205,46.382195,-190.18605,-126.29094,-3.2758446,49.953915,-130.719,-176.04561,-59.851486,-50.68596,83.62281,135.25522,49.677105,215.27594,-179.77954,15.0
76.175705,83.76604,30.096624,48.96039,25.849184,23.782887,120.97798,-58.12213,-153.6353,69.88178,83.182724,-287.55655,99.19463,25.751442,75.479904,-70.791885,148.59189,-3.5718212,150.91997,148.55212,137.07677,30.161394,80.72341,124.37119,-139.84119,224.87575,-2.2446346,66.804184,92.68136,136.49292,-158.33708,7.7943106,92.78474,101.592674,-246.44406,-56.58011,-147.79073,195.97339,25.095242,-112.16026,56.96733,57.972294,-44.027817,-79.601425,241.24194,-296.34647,-10.272236,32.546547,-85.48161,-115.097885,48.34129,-0.19944,-119.52623,-56.312782,128.90968,67.9097,166.62952,-107.9633,113.711136,-84.59768,108.46803,17.384907,-67.995544,63.39488,56.273823,-88.444626,20.8633,31.300713,99.37756,149.11243,151.75656,17.76964,84.380936,6.4005203,-68.750046,-246.82379,61.549442,163.27618,105.34604,199.50566,-61.763023,235.0635,6.941864,25.954887,-102.439125,198.57953,-149.70734,-12.241421,-186.52542,-41.73761,91.412,159.71307,108.34943,39.8282,20.461777,137.87428,34.940453,-214.43321,-45.41356,-42.05237,-30.014725,-163.41727,-105.13402,42.368294,78.52843,-86.26981,-184.87325,-87.344215,-33.848526,95.7197,155.46313,103.55884,202.97511,-87.59759,-43.411095
77.38382,58.283627,37.491314,61.57931,31.14349,55.06453,139.98947,10.890789,-171.91618,70.28617,26.126421,-234.40128,69.24859,20.271816,40.942894,-98.181206,153.87662,-1.358036,181.79097,151.62448,120.42243,21.770273,97.9624,111.86316,-118.308334,216.11224,-17.202572,23.351791,95.88101,90.43416,-164.43796,51.58194,76.46833,54.16974,-167.22325,-52.168022,-160.19057,171.18037,16.287651,-96.487465,40.028812,50.8928,-23.562016,-79.30041,187.73238,-263.838,9.072923,60.084732,-54.325752,-100.35151,36.538532,22.342566,-123.789764,-89.40406,100.909904,55.81651,175.38234,-85.11763,115.34819,-86.6492,140.18272,37.30279,-68.841515,30.229973,69.82541,-107.939316,16.742373,43.514633,147.81248,113.90549,97.2658,-5.0688286,91.25188,-11.432575,-24.533398,-196.5798,68.25088,168.53377,135.42712,189.78452,-63.7594,182.94089,-2.0330296,-70.18195,-126.061676,181.86945,-144.61902,2.2471542,-144.54124,-89.35923,62.3114,153.541,96.97739,73.79312,-2.414322,152.83582,32.75107,-149.44981,-15.596268,-73.8944,-58.662903,-157.95827,-112.525314,2.732605,75.153625,-76.88743,-160.3463,-88.85712,-30.821579,78.07373,169.84021,85.67369,158.91797,-119.67114,-47.83336
80.91377,48.686256,46.619217,41.550117,31.436317,60.87056,152.08827,-29.144287,-201.51123,66.19818,-10.166637,-247.18823,87.321686,5.74485,47.666824,-52.235107,109.72745,37.098095,178.51613,173.35117,165.50713,51.20961,110.63939,140.08374,-144.11789,208.8136,15.51746,43.53136,82.511,73.399475,-195.39381,37.82916,47.88568,87.990326,-254.42111,-62.05668,-134.7072,223.63367,10.166039,-115.40848,47.76136,51.210873,-18.480911,-93.62621,236.49004,-309.77332,32.019577,47.347725,-128.49908,-133.38861,30.876984,-1.7845955,-117.184265,-73.22135,130.26053,72.92023,160.23595,-84.70992,130.4235,-91.39372,137.76007,39.043976,-31.624111,62.29163,86.60293,-102.04715,28.623775,36.879826,150.92253,139.03633,188.20515,2.451437,81.38467,42.59156,-7.6207294,-216.18523,56.908394,162.81584,107.31326,212.37762,-57.92272,203.55585,-19.908474,-42.052155,-108.41708,168.56882,-130.77963,-7.319454,-183.72551,-95.03108,63.71547,197.82993,130.20969,39.56035,-14.800201,151.2856,22.41743,-201.68562,8.318148,-35.40966,-81.95487,-221.87662,-127.69891,-29.878574,58.958015,-81.31381,-195.12212,-136.52867,-52.88996,78.566826,165.43056,132.31276,183.65886,-142.18997,-50.686943
68.0,94.770935,22.761534,51.769527,20.0,-14.377205,156.55861,5.156336,-181.46536,94.0,31.737394,-217.03403,8.68418,42.31442,38.089043,-55.329987,76.501205,-21.595547,154.36714,95.43407,165.73874,66.16824,75.573654,101.30351,-122.8452,231.29622,7.8515224,-3.0369034,78.73773,116.58094,-149.12088,-65.69621,53.66208,147.81868,-291.83896,-146.30252,-172.1961,144.05873,117.12889,-85.93666,92.94636,37.682144,-93.37526,-100.17054,288.07013,-381.90927,78.52957,77.86589,-153.5783,-107.32242,26.904358,-60.400314,-143.20844,-16.550953,85.111404,69.0889,164.35068,-60.101883,148.91052,-133.60623,64.60825,54.410233,-126.06271,104.37719,36.52109,-117.80817,85.92659,27.078432,124.977234,186.9497,155.66785,8.4817505,-8.721209,22.323956,41.18615,-274.69098,120.12462,135.04257,56.96906,227.75175,-41.55535,217.1162,28.521961,-17.553028,-15.449463,248.13036,-118.77667,-14.183613,-182.21979,-64.197525,97.54923,131.39496,76.9279,77.77499,37.40813,179.81316,43.25695,-236.01727,-42.15821,-124.95604,3.579153,-215.21579,-93.52233,-47.85224,79.48601,-118.17514,-173.10722,-73.477806,-33.044693,90.25329,118.43407,83.951324,209.82462,-212.24165,-45.38848
66.90157,58.094845,43.39801,53.89118,29.530228,44.242233,124.11829,-3.469778,-122.73024,61.615715,11.544565,-242.7186,124.84351,20.84761,52.140396,-71.69036,121.2249,-9.021498,179.63702,176.08138,124.8543,21.59666,103.20802,110.69067,-136.7193,195.90886,21.010067,-5.971792,98.74047,120.11341,-165.65468,3.339922,100.59382,83.661766,-142.93546,-91.514175,-170.82387,144.13254,41.024544,-131.85355,5.6790104,54.454746,-33.92448,-97.327835,200.16641,-270.3679,-2.3876438,45.240623,-89.69868,-84.4446,44.76026,-16.04343,-106.090225,-59.990128,123.84196,44.280052,114.099,-82.803856,77.59837,-63.857414,113.19096,46.604317,-36.26934,12.273898,72.08748,-70.99672,13.069849,27.332401,110.254234,124.38299,75.32251,5.425869,78.278824,17.657314,-35.499878,-172.73747,106.07369,162.84366,113.31306,166.80258,-87.875206,157.43657,-46.620567,-30.854073,-61.34298,195.39043,-153.77579,4.9244556,-162.90645,-86.09124,122.196815,111.755455,110.773506,58.845448,12.881812,112.929955,6.9149923,-165.88438,-30.896358,-48.495476,-5.487543,-145.41525,-92.873505,15.0731945,74.47103,-79.2622,-193.84108,-84.20071,-45.27234,97.837944,165.97197,105.30866,126.33506,-138.08571,-44.37462
76.019615,84.03813,61.683483,51.02392,28.291504,44.64218,169.15842,1.9551964,-135.98984,71.63803,1.1926498,-251.11728,92.119156,53.914383,75.39374,-84.594124,92.79388,19.129713,196.88348,198.83434,130.93622,10.569521,87.208405,124.314896,-105.21023,175.12604,17.0239,2.7513275,99.471436,44.975616,-120.86301,30.830782,97.18069,76.942795,-226.87712,-60.661858,-182.15033,182.8901,40.329422,-84.04028,45.714314,38.237923,-27.003117,-90.091156,250.90894,-312.01236,7.9273806,2.5218353,-107.60722,-120.69771,79.781166,16.257511,-142.68555,-82.74971,125.55074,91.62666,143.14798,-63.11978,90.18412,-73.580826,146.1937,44.482605,-22.255367,20.832333,116.92077,-80.14728,5.688572,26.769737,113.707695,106.95381,142.62076,2.6995258,57.690956,26.58765,-48.143883,-208.93773,101.14999,167.71564,89.54125,180.8053,-79.07072,195.73395,-19.312874,-36.830997,-104.30555,190.29117,-99.39359,24.779234,-167.85721,-69.04426,121.87643,183.73323,113.65597,56.759693,22.887186,149.89803,-7.9632893,-223.81088,-60.092453,-71.7531,-2.1567822,-184.21297,-152.09634,-17.836853,60.595406,-97.67592,-160.29909,-86.24147,-38.987698,98.821045,156.5441,108.010765,197.33905,-163.28627,-56.303047
82.20918,52.14444,14.576119,36.3323,24.17114,18.863932,166.81905,-6.3295097,-160.2436,65.18519,47.980587,-242.15173,70.24368,0.671854,37.237057,-59.99337,106.717155,-33.23271,178.6231,194.04997,138.52368,29.748966,54.391838,122.31812,-127.51759,153.52588,-3.8542767,-9.442886,107.374275,55.680847,-174.56076,5.5679626,75.02206,77.8506,-241.62271,-77.78962,-152.78226,157.35205,39.122208,-112.85637,54.316803,36.947456,-30.558922,-68.12782,253.17032,-297.64813,-17.221035,30.573044,-86.60982,-96.409485,63.311264,32.615425,-117.4099,-71.32281,126.04347,83.70315,117.634705,-69.43762,108.40548,-83.044685,151.33344,30.62809,-7.346573,72.4098,91.94145,-101.195816,5.986431,38.482666,115.33606,110.405594,161.89874,0.7962704,75.94455,65.30256,-29.867378,-215.28801,81.82629,158.71866,77.93758,217.3654,-132.916,208.98657,-33.743683,-62.457733,-105.49417,197.24457,-116.63345,-45.616333,-166.73181,-94.7962,69.415634,178.11688,98.98276,42.97809,29.599964,161.78773,-8.599613,-247.24777,-6.7677517,-36.46758,10.170708,-198.87157,-105.71927,-41.84011,53.91806,-107.412506,-195.95311,-116.91348,-77.919075,145.91313,207.82857,93.95609,214.04308,-173.38889,-37.451008
67.0,120.0,60.0,71.0,20.0,-35.084816,135.27441,1.9478397,-194.13564,94.0,49.712822,-241.12366,-9.431129,22.523924,16.859724,-71.52363,50.732338,7.2515182,175.74675,88.32446,150.35516,42.328415,57.46325,94.620384,-119.04234,227.20602,13.927506,-5.8240986,114.682335,97.618576,-179.08014,-75.05368,13.588754,149.42345,-323.50333,-156.92297,-126.937454,190.70163,90.95456,-46.232643,90.130585,46.22718,-73.28086,-37.00422,317.4029,-355.18707,93.5001,43.108986,-188.94041,-136.35204,5.2521744,-7.5843487,-115.861176,-64.16136,84.955124,53.704437,112.39201,-92.71739,127.90183,-146.28629,104.025635,38.35178,-70.02086,135.25769,80.47182,-95.101295,58.81984,46.7667,157.40695,194.32242,142.82199,37.499218,2.450079,55.537045,44.540855,-286.98953,74.5917,129.5781,38.6167,255.92673,-105.87654,153.61711,30.646248,-8.064632,-34.500954,189.0264,-73.663124,-35.07052,-151.45067,-82.39917,92.57416,170.19757,59.894337,36.510933,78.99012,111.38007,50.635605,-213.00122,-22.18737,-130.14725,8.201376,-251.18735,-122.86528,-49.077972,54.01873,-103.06917,-168.2024,-75.71104,-53.55912,110.04486,146.81912,85.52354,197.26605,-187.51193,-11.011742
66.314835,74.49251,67.313416,46.643364,25.50854,32.06476,135.26901,-52.81244,-133.99509,68.9028,102.97649,-270.8894,87.56493,-0.73846817,46.92897,-106.01358,164.12103,15.494208,164.48094,155.64008,158.37814,28.830002,106.73242,123.89793,-114.96007,187.92873,30.547516,30.042942,140.6473,99.018654,-182.26915,12.094576,65.58629,101.72748,-205.5452,-58.535286,-120.796844,195.51935,21.444588,-85.64138,53.631348,43.700478,-8.391232,-60.881508,224.96782,-314.69125,39.786964,41.363068,-61.766632,-158.72261,41.756767,18.645876,-111.22275,-44.667076,128.31296,96.685715,144.3743,-52.58616,104.65606,-99.1902,123.371895,60.010147,-49.160072,64.93675,123.19713,-85.1656,38.356712,77.92119,140.50441,143.54454,144.32153,24.191753,79.38043,33.43757,-41.342793,-237.76456,30.902073,167.58975,85.42076,202.15282,-83.406845,225.73569,-27.37262,4.38645,-76.47312,199.21468,-108.24718,-26.520382,-137.86836,-62.493828,114.6077,183.22636,83.380875,34.136856,4.4447155,130.8512,20.18972,-206.86314,-15.895447,-54.325874,-36.21152,-214.9434,-111.05913,-20.23769,53.149666,-86.92213,-190.3768,-24.106579,-41.1509,93.40574,172.0933,87.588524,213.72789,-115.39517,-35.263687
75.60811,63.546734,50.94823,63.89736,30.416327,45.616364,117.70183,-25.843903,-138.70238,51.90303,74.03211,-239.36133,51.65635,-19.536388,67.056305,-61.22162,117.2462,29.445568,133.54437,176.35793,162.47942,14.568174,104.24788,127.24743,-128.81448,194.86612,-0.7885246,37.999645,99.09937,80.3092,-157.78644,48.26391,67.24556,82.20201,-211.49783,-70.10289,-139.48698,165.82108,36.9482,-88.26761,23.750748,24.194675,28.626328,-63.41366,163.26996,-317.06885,55.26326,40.694016,-91.603935,-134.81499,45.805588,-30.652096,-109.12401,-66.76484,148.40097,52.75656,144.51007,-85.839485,100.22521,-128.10924,158.73842,50.84485,-43.639015,54.20855,140.65921,-130.74487,-1.8356266,43.280556,109.53507,119.94887,172.00787,36.470337,89.815186,22.428843,-30.126835,-257.4004,41.341415,183.13773,139.86728,236.71812,-78.39552,161.80786,-2.5904865,-58.20021,-84.65008,192.19402,-81.95323,-3.429943,-152.05534,-80.20074,110.940544,143.48668,112.98293,50.86463,11.818717,88.53806,-5.3434124,-167.90616,-8.341272,-79.6751,-61.74523,-233.54967,-138.72142,-14.192532,47.730835,-76.41697,-189.51526,-49.094917,-31.014778,45.90359,156.75966,92.51667,221.84294,-87.95834,-57.69143
71.358505,74.43637,61.926334,38.129593,26.074158,38.906326,115.048965,-24.202736,-129.82098,63.893723,61.295067,-222.80557,75.320076,-1.317028,29.370667,-101.61165,100.580765,4.354658,177.29187,171.69676,147.4194,30.67894,143.09976,155.9819,-110.346085,159.5163,22.868984,29.994776,107.0291,70.172195,-167.46399,22.66538,55.37117,52.201466,-189.94292,-62.37243,-132.86708,191.98425,0.3048725,-139.903,10.186126,60.1083,31.744717,-45.815536,170.78287,-297.02426,25.24221,43.541435,-91.16831,-128.93767,67.1817,-0.94088554,-89.89077,-69.54545,107.23786,56.83306,151.87177,-89.40494,133.16272,-121.36801,164.82062,43.27302,-52.44744,56.506657,97.259674,-121.55739,16.642105,34.87522,119.32367,137.42772,143.28284,-3.7048283,72.92717,-0.5821743,-64.89259,-248.30066,40.902847,140.3353,113.13732,209.33089,-106.78496,187.6078,2.4607868,-52.863785,-67.94303,179.40529,-118.74231,4.505291,-164.12952,-80.87302,70.659836,208.75954,94.0584,79.686646,-14.06612,117.19235,-5.6691437,-194.63605,-13.626297,-58.60076,-41.96644,-243.38174,-119.42558,-22.69622,47.32074,-97.51528,-176.50601,-108.32802,-72.794334,69.66585,185.8781,74.70155,256.28198,-127.737656,-32.53829
75.0,122.00609,12.986133,49.928116,20.0,-33.852448,151.68831,-28.173084,-146.9831,94.0,44.661873,-261.34436,62.809414,22.191782,15.53026,-20.860783,27.059055,-25.97173,140.71362,116.447586,133.89673,59.910606,84.12785,115.795906,-75.19825,222.60721,16.7664,-3.5366745,128.20807,95.05629,-139.50235,-50.972725,32.195984,96.59421,-242.62292,-146.03403,-134.50174,164.84247,96.35914,-68.496704,76.74878,11.574822,-135.52032,-81.02862,248.14803,-340.26923,44.46311,53.632095,-193.61781,-80.54787,23.959045,-18.28289,-153.54681,-34.390182,42.427094,53.841244,138.91367,-56.28904,116.27818,-132.31628,99.48415,59.52828,-91.57344,109.31242,44.40703,-60.67163,94.77125,68.01427,115.269,166.50858,49.49949,-11.311813,-32.427486,34.779125,51.795296,-254.97165,90.425285,93.56194,41.087036,244.7457,-59.28772,157.92484,39.295734,0.8765278,8.294757,223.10506,-84.521225,-42.0131,-138.04973,-83.84679,58.58332,172.65256,66.61362,35.929813,17.092794,195.85768,100.328926,-210.99751,-48.745872,-92.84313,10.082439,-204.91348,-130.64098,-66.82859,94.4859,-141.57259,-145.34108,-50.562477,-55.96537,51.460396,153.55795,65.225494,219.3932,-179.6249,-29.877502
83.10221,119.0,59.0,71.0,27.77852,5.920971,185.00533,-42.239326,-119.695694,57.633366,37.959614,-264.1381,57.753372,18.868544,34.697784,-62.93322,99.32673,12.691689,170.14452,120.54784,180.94955,24.187836,81.21385,77.66034,-155.90819,175.36885,27.171997,12.0283,102.73324,92.740074,-186.2917,-7.6898136,93.47648,80.14761,-150.94281,-64.972336,-143.66656,181.17947,27.45182,-120.83864,83.47029,47.647545,-24.032616,-105.702835,236.93062,-313.32166,-5.774399,49.44247,-111.703705,-79.89744,43.169685,-22.246304,-131.97664,-61.31713,113.22785,80.6266,147.74338,-60.355377,153.9683,-99.809746,80.943665,32.49588,-39.078217,34.646873,90.819336,-117.86923,48.457756,31.738655,104.52532,150.62453,118.69037,2.447504,52.18768,-25.223598,1.14711,-235.02121,57.988724,151.22372,96.25661,176.2667,-79.19969,164.87227,-32.69352,1.346344,-69.658356,203.3385,-128.22955,-17.195347,-102.392555,-79.64505,115.89151,184.49828,90.370316,35.53136,61.73928,161.6158,16.046034,-191.55385,-72.51871,-40.936195,-31.237679,-135.64444,-81.64335,-19.220867,28.066685,-116.610916,-171.53714,-69.99866,-79.45289,65.696915,158.19788,72.06117,212.03493,-147.19598,-30.931034
118.367836,82.941315,34.330116,49.064857,24.287867,11.682219,117.038055,-0.49316406,-127.57204,64.28048,37.50999,-200.51009,89.18854,-25.382519,126.38906,-215.03143,151.71175,5.2701035,213.9328,193.77557,234.81534,64.013565,171.89842,91.652,-92.64784,147.30902,17.949245,36.547455,115.638664,78.81355,-123.44562,3.4121876,107.58391,123.019875,-253.09229,-13.015427,-171.98683,130.64609,-59.791275,-73.51977,103.63685,26.615189,-0.7607231,-55.57454,200.18233,-311.2947,81.6756,11.9,34.7,15.3,107.0,0.7,134.0,1.9,140.0,11.0,8.8,3.8,15.0,3.7,22.0,309.0,-36.83843,64.9214,184.09315,-170.00113,34.7,22.0,110.59952,3.8,8.8,107.0,134.0,3.7,140.0,-120.666275,87.02035,178.53955,109.227715,135.65623,-116.88179,171.60707,-51.489532,-113.82037,13.3,4.11,-29.002628,84.0,-107.92944,-86.712685,70.27189,132.55905,34.2,28.9,-34.594936,149.43823,-56.318153,-97.17991,-74.61474,-68.07732,20.396133,-132.98062,-104.23701,-28.806515,76.97975,-35.159985,-151.87436,-142.58862,-71.88293,85.0396,186.66219,68.096054,186.3749,-60.04696,2.8450165
72.125534,61.05455,61.65177,65.35065,30.002684,70.850494,156.03963,-10.968628,-131.48889,56.157158,69.41063,-243.08768,63.835945,23.634968,40.22281,-101.93868,87.86364,21.365416,187.56079,148.94263,128.95288,22.093807,95.03324,133.54282,-97.06897,144.7478,18.564108,41.79862,57.07787,75.77086,-166.97275,37.53021,58.80212,80.90776,-191.28784,-65.55289,-142.05702,208.88165,11.5368185,-134.42046,24.2238,54.732517,-2.711502,-66.674484,219.21228,-274.51868,3.4473705,42.158493,-56.703773,-103.7024,46.190315,4.276924,-92.75592,-75.884926,108.12572,45.321457,115.82828,-104.55458,127.49346,-90.29144,152.26825,24.190275,-19.417347,24.14384,112.225136,-134.48927,4.2851524,54.634872,129.61047,128.49757,131.26877,-2.5205326,65.77367,-8.00506,-19.385574,-154.12997,86.90129,208.68779,161.93317,191.94255,-119.07283,184.89893,-37.462563,-57.366943,-77.1014,213.19867,-96.47906,-13.6161,-170.00826,-92.382454,93.63233,176.74452,91.34881,52.87809,0.326046,99.643036,36.828392,-211.44893,-10.722916,-44.514954,-32.132725,-219.7286,-107.66861,-5.323391,29.422443,-93.23461,-169.25584,-111.645035,-60.95256,86.51756,156.64949,118.96676,197.43231,-112.59128,-40.877907
81.0,122.0,62.0,76.0,21.0,36.89,105.8224,2.3622875,-157.42543,95.0,122.44576,0.0,45.3285,29.932226,-13.251713,-49.990562,-1.4334106,-12.982597,111.86114,68.77377,190.33441,95.4617,53.23532,86.680214,-103.379585,200.82007,-4.8067894,8.077636,112.04744,144.79228,-158.44473,-75.60987,31.74999,152.82956,-320.57352,-91.423355,-134.73618,182.25081,100.76545,-67.39606,117.92424,74.32943,-132.47754,-51.464058,268.96915,-369.71375,74.13599,95.92969,-172.3335,-61.325783,11.731962,-73.56111,-162.29015,-39.089947,79.12343,67.33356,98.786064,-85.375275,163.24951,-146.78468,67.78139,68.47668,-107.346405,127.10386,33.80144,-109.33238,87.68947,47.273045,164.90846,195.37009,141.87573,10.549941,7.281823,26.029505,41.96976,-259.0768,119.0919,99.98856,71.60402,266.90442,-78.02993,203.15016,24.193792,27.830746,-4.004099,292.94214,-95.73907,24.704735,-193.05576,-62.28128,102.57405,167.31055,80.19794,120.690956,65.50952,155.89264,51.074974,-203.84482,-34.986828,-135.2125,-8.398457,-223.8417,-110.89842,-28.343334,43.267017,-129.27753,-148.65036,-28.352707,-65.11603,79.87889,142.75552,73.948654,224.02065,-159.7324,15.0
68.131775,57.169727,26.483288,68.28096,32.082283,23.805603,117.83723,-30.87687,-167.46202,62.705753,37.421368,-250.44312,98.86295,27.8001,91.28517,-120.25777,94.9612,-16.21809,162.48979,166.80876,133.48785,53.577667,97.29058,135.0122,-171.4382,190.25739,9.900801,47.625618,107.91888,126.29488,-150.26997,-3.9335785,92.08765,101.99615,-204.963,-23.913841,-166.25082,189.04153,8.079646,-156.76047,37.899506,60.494377,10.641466,-122.38699,214.37381,-280.16464,4.2798767,-9.597805,-65.36195,-124.31596,20.193726,-22.115936,-98.60618,-43.98336,163.934,75.67642,174.67331,-72.502014,128.34787,-92.01981,116.003,88.84441,-51.376793,74.028046,78.930885,-107.41321,17.970594,29.753618,141.74219,122.398476,155.85143,11.031674,108.71454,-10.772732,-91.48199,-212.51035,27.279757,194.71909,101.074776,194.17876,-53.199997,200.20555,-27.524193,-23.665962,-109.6702,184.38036,-85.17625,35.046566,-170.25098,-33.788006,79.628555,139.2302,91.802124,58.09363,-2.6053467,147.40271,-9.837429,-178.03609,-49.893234,-58.186073,-41.6827,-148.68233,-131.75955,-9.094585,49.22283,-65.699005,-175.53001,-65.20545,-53.959312,79.25019,151.08194,82.51373,190.71768,-89.78693,-71.40886
88.56981,40.68037,19.919973,16.368237,24.418623,37.8914,150.76393,-30.063625,-141.73682,54.157677,22.41011,-236.10428,60.483105,-7.217161,61.47503,-85.71779,97.234085,-14.837494,197.76372,161.16545,121.005905,52.927925,55.02817,115.957886,-121.8452,143.62738,38.029778,33.206726,95.37094,112.11021,-180.63759,-6.136898,52.848846,62.07901,-207.8647,-14.836197,-136.27887,203.85167,14.328415,-113.3923,52.40334,42.347153,-13.751049,-45.284363,203.35286,-352.2673,-5.7306995,19.090149,-62.222168,-128.12433,54.65742,29.267944,-123.20056,-74.35046,91.21504,96.89453,132.13718,-104.419495,121.11374,-87.084915,124.363235,9.757442,-51.234543,76.976364,116.90573,-83.37716,33.568256,24.467215,179.50839,116.41449,149.21265,13.287229,85.2522,-23.14164,-48.606667,-226.06429,32.318356,196.98921,86.490395,186.06726,-97.385796,207.86371,-20.841412,-26.45464,-104.94673,169.22234,-120.217896,25.46914,-188.57257,-84.20315,120.35053,184.81152,140.56049,45.378716,0.7916393,147.43808,-22.613182,-208.13255,-8.707336,-72.80044,-36.924072,-159.96208,-126.64723,-45.83799,70.081116,-117.60416,-181.46422,-92.90843,-42.79209,85.35504,199.44772,85.43373,182.255,-108.576645,-40.096424
81.03688,26.697693,26.973,10.889547,32.410362,24.81736,134.9129,-18.300304,-152.22916,53.62253,15.213969,-238.66748,79.176025,-9.692486,67.248215,-84.77852,72.19524,-15.013046,185.373,172.96152,162.1136,78.0526,72.037766,135.74258,-168.60063,177.04868,21.98543,35.032497,119.933685,93.37857,-189.07236,-5.282131,80.27165,99.90656,-251.8424,0.6499748,-133.39294,210.81374,18.506414,-145.37222,63.668736,33.752724,16.785852,-52.97251,202.26721,-275.55133,18.197105,31.394371,-90.38214,-136.2549,57.063797,-17.6021,-129.16667,-44.425545,123.06633,100.836685,137.7084,-63.758232,129.21472,-110.83922,147.59164,39.824608,-31.404846,93.32147,127.38517,-129.9644,22.046791,-10.996113,130.39168,144.40799,187.82832,-12.008579,36.33911,27.527184,-47.04487,-265.66107,58.78952,218.15019,91.43982,203.69347,-61.70201,194.10635,25.873644,-62.65886,-91.09683,220.57019,-110.33127,17.672579,-188.43648,-92.16018,124.52487,193.7149,119.38373,15.632637,23.352644,151.22241,-3.6022205,-247.27512,-16.852226,-51.326088,-30.973068,-197.85687,-133.24658,-48.930473,89.43329,-64.55748,-171.4979,-105.656494,-99.80323,85.58313,178.08527,98.44259,221.75906,-151.45378,-33.24668
83.0,93.28661,13.97372,64.2498,34.0,-44.958374,159.52626,18.936726,-148.48524,99.0,56.675488,-215.45982,38.90957,3.4868298,-9.215942,-52.694687,11.436666,-46.70379,134.24753,97.13366,156.5035,72.40767,39.5661,96.97086,-148.37419,276.0416,31.623653,-38.913155,106.56143,133.0145,-186.07741,-62.499382,15.551314,150.83858,-198.39102,-157.28735,-155.57637,183.05615,107.99862,-72.77108,89.426735,21.280804,-88.683495,-92.281815,239.17363,-355.29822,126.9645,54.19757,-179.3071,-97.53371,-3.698265,-56.766953,-158.6134,-33.29061,50.353058,73.50146,158.1678,-76.50296,160.1279,-142.2631,40.976276,56.08127,-134.677,103.388664,5.987076,-103.123924,97.35441,52.38037,130.37076,162.34863,142.71338,2.2033558,-29.03833,31.33414,41.275215,-328.47397,73.28892,118.99309,45.35736,228.87173,-55.58316,173.04478,62.684227,-10.470715,-10.000816,234.4429,-87.871056,-19.341461,-187.40656,-64.06825,54.84357,154.88843,73.12343,67.62478,-15.095657,173.85098,75.07862,-209.82661,-1.2749271,-155.75958,-14.971008,-207.97887,-110.15442,-98.61915,88.10129,-163.33307,-210.28256,-15.4114,7.167369,104.37744,141.12091,80.788124,210.98462,-196.37698,-47.69622
71.52763,58.32992,18.33224,80.28067,31.898869,36.649788,117.17206,-21.624825,-152.1631,65.55343,19.648956,-270.8123,91.52255,33.728447,86.03339,-99.660065,114.30004,-1.3297539,152.12596,150.77046,151.58899,21.104296,98.328606,130.38223,-151.74666,204.04504,50.3713,46.198875,104.88543,155.36119,-157.36598,-10.023254,94.36031,79.77222,-201.95854,-46.5735,-156.0541,173.64203,9.642006,-151.66475,44.95554,17.898048,1.1595478,-74.51146,191.98503,-291.0767,-5.472248,19.165665,-68.94956,-156.93054,37.732338,-10.021015,-129.07971,-38.479694,141.08365,89.99941,180.78802,-79.123985,134.0687,-110.510666,106.28321,54.290012,-68.37089,55.345882,101.183235,-130.67467,55.06029,64.57852,91.09614,116.23846,138.49187,35.006184,67.00485,31.085945,-65.312454,-226.40762,62.5471,150.88931,91.910385,194.01277,-29.773869,170.38734,1.4462223,-23.093487,-82.216576,207.57619,-100.395195,7.9041243,-183.47289,-63.893166,74.16133,163.81679,129.47742,43.63124,-22.749378,148.09407,15.578854,-207.71173,-36.117245,-71.59535,-23.431404,-202.46954,-109.49477,-53.40381,40.13656,-83.335526,-191.8592,-60.4161,-59.435577,84.15277,167.12372,120.689575,172.67775,-115.18617,-25.82771
87.03734,57.60125,56.280087,14.429571,33.787064,42.887196,134.0491,-36.75085,-168.30272,59.8346,34.382248,-243.8129,55.5056,16.185955,46.69803,-61.00921,73.931854,-9.119566,190.74399,148.68484,150.94948,24.970755,90.20828,139.33789,-139.78702,195.69945,21.152597,64.848236,112.79159,102.6851,-128.12822,-32.855164,69.0551,87.554306,-192.21062,-80.19973,-159.23141,182.52087,31.212444,-118.74393,53.387978,23.038929,-27.01051,-45.201767,207.18425,-329.0575,8.381413,57.692738,-97.778275,-163.27582,59.02941,-22.487232,-141.27682,-56.214973,109.124016,89.40124,135.98262,-84.8035,128.15244,-80.18145,141.5571,13.701315,-29.453606,63.744286,102.53761,-103.72526,66.09143,23.343689,148.74591,144.58847,197.46378,-12.859898,65.97392,17.344177,-36.790245,-219.95912,27.752089,169.00461,102.34064,195.9277,-81.23013,220.8695,12.072593,-6.9784985,-101.81043,180.62851,-149.04276,-14.111378,-163.4641,-67.90163,90.69256,203.40398,136.61853,25.39862,25.738691,133.04082,-7.48827,-215.23965,23.641794,-61.682716,-27.531559,-200.51294,-122.346924,-55.31051,94.515144,-84.593666,-166.17888,-70.59916,-24.233555,100.34839,183.77585,93.1958,195.51758,-143.03716,-36.57578
65.918236,40.149345,30.129822,7.4965982,33.831398,35.35604,144.20537,-34.691757,-140.55022,43.90734,76.27109,-250.93939,89.388535,56.285835,73.44203,-103.56216,108.39474,26.71311,183.38618,151.9941,169.52791,49.16014,59.84343,149.02237,-102.131905,163.24661,42.684532,67.77107,153.06358,114.1019,-175.84421,18.02082,36.677715,59.18406,-189.03824,-31.572948,-155.33109,225.02441,28.21523,-138.90851,59.15604,34.45964,37.097523,-59.092995,211.3217,-273.2366,17.678152,22.232578,-91.81277,-124.13246,79.79883,-24.855438,-110.42554,-37.625763,113.39002,91.974556,127.37861,-61.889572,71.41621,-78.01553,158.21666,43.562607,-51.924263,41.43173,167.21315,-58.97616,40.701347,10.912955,110.808716,128.4437,171.48132,-12.852741,67.66298,55.691265,-55.990944,-241.5488,60.052475,152.93904,83.77135,216.3955,-118.30884,204.9949,-8.6073265,-3.9918385,-74.72894,164.43907,-134.01813,0.9346638,-188.59601,-80.964424,57.179947,206.99573,172.92766,12.3128605,14.455116,149.47507,16.46438,-183.73213,-25.572884,-71.322334,-68.85473,-197.60727,-148.29993,-87.25128,66.79219,-93.14328,-158.40015,-81.91443,-53.060585,90.35615,182.07051,69.680756,194.44943,-169.39867,-51.863968
92.0,119.0,66.0,78.0,21.0,-49.685814,170.63687,-2.3918839,-152.18059,94.0,60.730885,-238.68658,44.6446,37.277306,8.948742,-84.24968,30.2617,-73.72845,95.2319,78.40309,101.64118,64.880615,58.331726,63.31625,-114.697815,226.33669,-16.394474,53.14153,147.24588,126.60085,-159.4346,-115.348526,-2.155285,128.40247,-178.61331,-170.5509,-171.47586,156.92247,73.51781,-97.06853,73.13305,1.1544628,-59.181976,-76.5568,213.03336,-360.26172,132.05878,77.00455,-216.95436,-79.4949,17.695974,-44.197067,-132.86292,-27.638077,67.189926,93.08265,142.03133,-73.47373,147.19766,-142.32504,68.81397,85.686066,-138.12305,96.935196,50.230232,-94.26478,69.06959,63.11887,148.60318,195.3348,124.12578,-10.337692,-17.262463,26.89353,35.054916,-311.04285,26.799849,42.167027,64.26024,249.25774,-53.23037,142.63959,7.0324106,-9.872322,-0.3256111,238.96518,-132.0025,-35.66498,-168.97409,-84.879456,57.041264,182.90717,69.322975,100.72874,-2.2206821,181.71178,85.44106,-165.64291,15.132252,-121.343704,-7.2640743,-195.74979,-85.35232,-30.270416,39.448982,-136.46483,-193.41183,-43.24282,6.260502,102.94315,147.09305,49.50392,163.50104,-168.09323,-32.24571
70.59824,68.82105,37.407448,68.332146,30.018751,60.747463,144.43411,-56.012802,-120.75839,61.342674,23.140228,-234.60751,113.69654,11.5920515,63.03753,-89.20509,115.705185,-20.755268,185.13347,167.12798,137.06108,2.810011,105.378654,105.19441,-139.4679,204.07362,46.252518,51.79041,98.22449,122.30666,-162.12064,3.6794586,64.25259,86.24512,-175.67561,-83.92728,-161.22597,189.51959,8.616266,-129.85193,31.630974,42.381912,-6.4357185,-88.772224,203.92723,-304.8595,53.08191,23.335495,-87.17932,-120.27936,59.55388,23.536037,-107.57564,-26.671383,125.2847,67.84828,152.28746,-52.06891,106.47279,-95.838,123.97596,34.54284,-49.30487,80.98526,97.00012,-137.77608,71.95906,22.618498,118.515755,109.16383,123.339195,24.619577,93.26946,31.661076,-28.221684,-212.21014,81.24823,181.4769,61.959827,222.43626,-86.679306,168.72461,-39.606148,-32.827057,-78.60579,193.01286,-105.82451,-20.372677,-175.09764,-111.34686,87.24131,149.98741,103.84125,54.59875,11.704805,131.54169,11.514231,-210.6999,-52.67096,-34.52283,-68.414635,-182.93575,-141.34763,-45.82614,42.35279,-107.09889,-166.70236,-76.87219,1.0983925,78.40215,149.12494,129.20343,204.21811,-154.87814,-47.25434
63.306767,50.94388,38.79963,51.595802,25.072046,13.941572,169.96732,-4.2017345,-105.142044,65.689926,31.7504,-218.9482,97.93595,40.26203,25.469486,-60.862633,132.41783,-34.514378,194.68611,202.74863,115.55062,67.74078,75.34567,146.50018,-91.800186,192.612,7.6827316,41.68241,118.02208,129.01901,-114.61458,7.670081,64.72782,91.98536,-221.32924,-43.56359,-153.50023,186.38295,30.620857,-95.44515,40.180405,73.41644,3.0792313,-87.13586,228.37209,-275.73856,-20.434109,4.059536,-97.084335,-148.3067,61.20951,17.985552,-94.45631,-66.413246,128.31711,83.89162,141.3715,-85.54069,132.75635,-93.12135,172.34827,25.744581,-39.90368,39.1911,111.269684,-97.78609,5.5090866,52.311607,124.36554,126.777885,165.72719,19.396278,78.09151,16.735468,-38.385292,-231.35423,61.74888,161.33888,91.2681,184.67279,-93.406494,186.94945,-42.75567,-67.06248,-128.07039,171.92201,-123.257706,21.811804,-129.88474,-85.3125,89.384155,165.66464,107.492805,47.19841,31.025814,127.42887,-4.7197495,-208.57974,-26.679024,-24.066082,-36.686405,-203.13565,-122.034134,-43.18672,82.93363,-86.75053,-166.15834,-89.76573,-48.819695,119.10831,164.99136,97.63445,174.90326,-151.15213,-69.3262
86.47759,57.895218,22.958525,28.870487,33.07684,19.657495,178.50594,1.180275,-123.14195,51.681816,31.224361,-243.45163,41.654625,23.41249,69.139404,-77.17763,111.58519,-12.402054,193.93985,221.10396,143.12677,23.633541,85.53238,177.59315,-158.29903,136.27017,38.509724,43.006546,158.66223,93.50162,-214.31754,7.741147,85.45071,67.8454,-260.9072,-96.4898,-144.59483,190.84966,21.263168,-135.00233,46.398888,6.145603,28.641928,-94.54658,261.04614,-301.14133,46.16977,-8.158421,-90.53183,-171.33119,94.765305,-3.2491493,-88.66861,-60.348213,126.25688,106.78143,182.91246,-43.96393,110.39996,-89.073204,150.88263,25.096786,-46.31993,73.97933,158.70836,-101.51309,56.383354,28.927675,117.884575,120.51262,128.20041,-0.017620087,98.367386,50.195114,7.651021,-221.98792,26.865591,172.753,74.87499,232.4832,-114.40108,174.04698,-10.745247,1.1465569,-109.143036,189.23755,-94.22991,15.76914,-168.33293,-114.56621,72.43064,172.06526,124.17548,10.841358,14.438014,135.8761,-10.440701,-204.97137,-56.59604,-86.527306,-16.504654,-255.12106,-114.49321,-56.416443,72.18423,-76.66274,-176.81825,-97.822334,-71.10232,98.00138,177.00694,92.44881,218.83058,-141.26897,-56.219307
68.0,91.29092,21.885338,37.67064,24.0,-20.112259,130.16956,-24.471321,-165.02226,93.0,30.498466,-211.93141,-13.395969,-0.7855549,22.252022,-77.453964,82.847725,-68.13161,124.27915,120.73755,123.487656,59.247383,76.147385,107.93733,-98.686066,227.69795,-9.713646,-10.466694,127.93587,137.14429,-152.14926,-41.87092,16.46273,109.41554,-262.15482,-178.6691,-102.68679,165.19246,105.41472,-77.99948,52.220165,40.640526,-96.94838,-72.09373,253.14249,-349.7577,103.35886,27.887676,-194.22025,-107.46391,23.34585,-40.849583,-123.49863,-54.16645,58.941566,67.99582,193.03633,-81.93754,143.27614,-134.48404,86.68774,40.90246,-97.06823,137.47287,76.400955,-92.40248,114.85,57.04841,116.25788,166.61232,149.02519,13.969101,-9.40361,26.871727,82.613174,-287.75214,68.050735,99.080826,73.718735,218.57635,-85.2882,135.61935,7.999322,12.934178,-31.441944,216.48357,-87.916664,-41.53554,-186.70518,-67.37582,62.752625,131.89333,78.3329,59.21598,35.993248,175.85023,88.41562,-192.66422,6.749383,-105.633804,-7.291418,-232.52284,-136.00443,-71.40608,82.041336,-127.63693,-185.34933,-59.325066,-28.683487,69.24342,140.43433,117.18661,204.80115,-169.84474,-23.456863
67.716,48.821213,44.840622,52.478165,30.32897,42.035664,93.335205,-65.57819,-111.98181,56.72563,71.28902,-236.80136,91.59268,-2.1292858,51.283585,-46.847816,127.18553,2.8769608,155.46309,131.57407,158.97964,14.288376,113.69263,114.37828,-141.59286,187.94861,38.038933,10.679312,102.22931,137.23055,-144.5333,10.685509,52.787346,63.007675,-191.6969,-54.812057,-132.47556,191.7488,33.745724,-129.44127,4.814354,56.70567,29.4639,-75.65815,215.36154,-302.4651,30.719027,40.889782,-109.6246,-157.69911,69.36702,-6.5786324,-130.29391,-51.001556,167.69717,75.5591,165.17014,-32.85696,135.3273,-114.60533,146.91925,-3.08914,-63.165787,55.05452,115.57278,-151.73802,31.720366,55.211555,124.5834,161.89186,147.49768,8.10343,85.0939,5.313101,-41.068752,-244.00702,38.161526,172.13994,114.56612,195.67139,-21.743256,146.52869,-2.989174,-23.651432,-81.367424,183.52394,-87.71303,16.377228,-165.47318,-90.61747,99.97668,157.59172,129.70296,25.517485,7.1419773,125.639984,0.4319992,-193.36058,-23.614979,-70.27054,-58.33934,-195.84993,-124.664734,-47.63344,86.64015,-78.85915,-170.82222,-97.75357,-46.366943,78.67563,184.43698,93.54844,194.22751,-121.38368,-49.81938
71.8853,45.546272,51.461235,46.603813,37.200214,48.764477,135.96143,1.0157337,-161.0734,58.020214,87.72234,-227.36583,79.68999,-14.242989,75.25733,-95.578125,87.87272,7.268034,138.04468,159.98004,120.89653,-4.875931,73.581566,117.94656,-136.1766,182.62982,23.435646,12.866452,90.78045,103.812996,-156.85815,39.08963,47.32228,53.64235,-205.9398,-72.24862,-137.26228,191.06708,31.227459,-131.58514,26.830984,46.06555,-29.07293,-61.727844,202.51555,-275.94577,2.3718224,52.921562,-109.51164,-119.11745,61.598602,-3.7407742,-110.985855,-63.478157,127.7863,59.598896,159.77116,-67.667206,131.86345,-82.907486,137.29866,55.86666,-35.162563,93.772934,89.2212,-137.14207,7.7719154,30.843681,95.10858,144.08987,139.2258,44.20249,71.87477,17.681677,-48.23049,-218.56647,50.73123,189.54019,73.56046,183.73509,-84.739456,179.89684,10.895206,-18.375874,-66.16225,186.32964,-144.57982,-4.8867474,-169.00774,-80.83951,84.55652,171.61443,118.16146,37.134205,13.404828,101.623856,30.125015,-222.1108,-58.084778,-34.03301,-14.047405,-173.92699,-153.71452,-55.076935,67.98399,-83.89024,-175.49702,-73.72531,-40.886375,78.24315,138.52516,85.63954,180.15662,-141.11942,-21.993187
76.085075,65.35351,46.42434,39.229668,28.062675,4.173731,152.16507,-8.327276,-159.9475,64.52959,45.536533,-259.7484,73.16393,34.859535,10.306611,-103.91477,93.22969,-7.615328,194.5455,165.11668,141.46057,43.088203,64.32794,147.4252,-123.92667,155.77719,19.27457,38.162632,136.9819,112.34173,-144.85075,25.095839,59.54545,53.252697,-218.51485,-70.97456,-135.77017,172.78317,33.419632,-128.20158,66.45111,37.004845,-1.3802071,-95.924774,230.44032,-316.1322,33.19717,7.5421753,-130.67953,-117.0273,57.420284,-10.5524025,-121.58128,-67.39409,108.13459,47.73208,147.95892,-58.748238,122.2566,-100.65129,137.20174,45.39089,-16.190453,61.995758,139.1379,-126.85712,-21.169811,26.841911,122.891525,138.6747,96.537315,-0.32122993,82.03673,15.488695,-51.495216,-235.25497,19.21138,144.26093,136.89139,211.8907,-81.896065,173.63495,-54.49266,-6.5544357,-83.43707,174.52013,-106.55626,-1.5976048,-170.19395,-92.484215,95.78833,165.27716,123.405334,64.15445,23.02904,118.64408,-19.420528,-217.8602,-66.00883,-84.668045,-23.435051,-190.95721,-131.8043,-3.84486,44.37607,-93.72459,-187.76627,-111.31583,-38.557007,122.98841,170.98871,128.21436,178.6934,-85.94756,-36.019466
80.0,117.0,62.0,76.0,25.0,37.0,143.67441,15.514409,-164.40147,94.0,105.151726,-223.76198,61.690918,11.065697,3.5236053,-38.506634,19.056915,-11.461403,129.95178,79.2021,181.14342,70.88533,54.153107,91.53494,-109.92624,200.41443,-9.169327,28.11697,122.88316,77.84901,-210.00851,-88.25478,3.8753967,162.96881,-299.00714,-93.223946,-135.80022,199.46828,141.52167,-39.60629,113.16198,13.569512,-80.53667,-83.01445,261.12982,-362.52475,53.226677,37.251373,-156.27957,-86.18537,-1.461132,-24.75682,-159.8746,-4.236517,60.363785,51.540916,151.24477,-74.02066,164.11734,-172.3041,76.8268,97.421425,-107.022,144.7026,53.503426,-97.29078,56.204033,39.605118,159.00208,168.53535,141.35004,-30.714924,-9.279182,56.20321,42.098022,-267.5526,50.09427,77.93486,55.265053,240.01471,-59.98848,198.91968,37.658314,26.576893,-18.32085,270.9867,-75.16091,-33.918697,-213.93573,-64.35488,106.21539,163.06029,72.63751,38.282986,42.594383,157.92966,82.09976,-206.03137,-55.271164,-128.88487,17.203526,-225.79916,-123.967545,-30.186749,70.495834,-90.27855,-160.10158,-8.684086,-18.850681,78.28331,135.94452,82.39804,230.1699,-153.15752,-31.611301
75.28877,42.828556,28.969608,58.905777,32.24771,47.31803,117.372215,-36.67792,-126.59671,71.9884,20.786692,-237.65906,103.49923,5.806772,77.097885,-91.30386,154.78806,36.301277,167.06285,176.58891,110.805984,36.10475,79.54912,118.772125,-106.943634,208.2885,21.54711,-4.187195,93.60145,119.50274,-162.39046,-6.8133297,71.67347,38.4686,-150.59529,-71.11487,-130.56775,199.0263,45.104233,-117.79666,59.15744,61.561775,1.0121384,-74.78126,211.53802,-285.48224,17.094852,41.13231,-78.040726,-134.07748,58.86015,-31.808128,-116.39827,-25.797081,117.05599,46.58251,150.86035,-92.48828,122.59519,-118.6362,122.66527,67.88361,-85.64094,43.941628,52.448204,-98.45037,48.025253,63.062027,111.87876,118.53233,155.75957,8.060097,77.26419,2.7904186,-54.50686,-193.70076,12.842212,143.35101,139.17392,161.81108,-32.327198,169.48602,-5.275118,34.326267,-74.905205,146.78964,-118.617584,-18.0386,-149.98827,-54.930267,70.93017,160.86337,108.94791,37.47515,36.504612,124.64601,-22.99628,-172.70396,-8.518143,-58.21724,-6.2834015,-187.37724,-155.53882,-39.69262,92.44695,-62.81716,-174.66672,-62.304,-14.088253,69.201294,137.08087,86.79867,160.38104,-81.44879,-36.91809
93.71721,62.809456,33.825188,39.604706,26.174442,22.55941,114.493484,-9.970688,-122.0898,54.64019,25.016106,-256.36844,78.94949,16.108572,67.81199,-88.59858,85.84283,-31.716549,195.13947,187.72087,153.141,44.502815,137.16309,151.7474,-150.61154,169.27254,23.829098,20.828817,111.56873,76.71531,-170.75092,-4.1402893,65.606766,75.99483,-237.02234,-55.727257,-162.65276,187.03583,50.650177,-146.00877,55.335606,14.388701,-8.019072,-75.52264,225.36403,-353.1637,30.156353,33.525948,-81.825005,-160.69827,24.860085,17.011288,-95.04445,-72.944626,122.04803,76.4838,177.80807,-75.52791,145.68307,-105.473495,119.49164,55.91084,-33.47767,80.592,97.07153,-85.123474,27.786942,53.49295,132.06097,108.203384,151.61174,-16.739109,95.17722,48.29534,-31.153923,-214.79053,27.109276,144.59406,84.09401,220.94952,-85.30584,188.96729,-44.390244,-36.12981,-101.8458,175.12581,-119.91498,38.666866,-145.67232,-86.31556,92.751495,163.00671,91.252594,78.883316,-7.584234,121.35925,-19.266632,-224.37761,-40.94337,-66.34233,-14.712189,-225.33897,-117.27269,-44.908386,75.283676,-76.78912,-189.93445,-112.728195,-55.524933,78.79651,162.20248,106.68892,178.88106,-123.77486,-59.89441
74.87537,58.120865,19.225277,27.773933,30.030193,33.058754,173.40773,16.175432,-169.08571,46.94811,45.787033,-249.39746,110.58226,23.792059,39.95076,-107.49774,67.21126,0.6186123,172.7772,139.49069,153.94017,34.7903,64.448395,145.70697,-119.370056,174.2292,18.052637,33.56242,154.47517,106.2808,-178.41963,2.5412846,76.817924,48.228195,-177.79865,-30.85453,-161.01659,200.35071,-3.6526985,-150.61324,70.157745,-0.13996506,35.43372,-86.75308,176.7719,-332.27716,36.934597,4.956417,-76.91429,-147.82614,68.38759,-15.818657,-74.65019,-45.204636,115.85877,90.175285,200.37987,-57.659004,102.99847,-112.351944,150.8987,49.35379,-24.315166,70.75612,156.291,-100.0047,60.963577,51.983833,108.40127,118.784874,133.535,-31.422611,110.19481,17.029522,-8.055691,-212.37666,30.753063,157.41682,102.19257,201.9033,-57.894615,144.0278,20.206518,-31.236485,-72.841774,160.80717,-101.68107,4.4798317,-188.05954,-92.11513,80.86638,131.26053,115.94575,43.63907,-25.80048,158.39803,-6.9115334,-221.5772,-52.537514,-61.568535,-27.12181,-224.18921,-135.89656,-47.23726,103.454636,-62.014503,-196.4969,-81.77461,-41.326756,114.45358,189.66275,66.99645,178.00417,-105.3894,-43.82048
117.0,145.71593,68.01932,35.410778,34.0,-30.7645,182.79092,40.478256,-171.73357,98.0,26.434612,-209.45811,90.58096,57.2558,-8.83931,-39.905228,20.4636,-119.16261,47.286278,61.866573,134.25894,112.867355,35.32102,74.200356,-115.91466,252.35017,-11.724995,2.7033615,148.22125,122.63407,-132.57127,-132.2629,23.767067,169.07962,-139.8742,-204.68452,-185.05968,134.09035,71.89925,-109.20749,106.32425,33.413673,-72.69372,-122.61026,178.02374,-328.1741,109.162735,118.27785,-188.2738,-43.881516,-7.6082573,-66.70178,-122.14201,-27.177662,88.65156,132.79224,210.79845,-64.292625,178.2702,-161.40234,61.28515,87.77283,-152.03519,97.254395,58.6383,-15.579887,68.00754,69.27994,177.65257,127.59948,84.92354,-31.435268,-38.622517,-1.8177338,64.96126,-286.2355,22.716488,23.336243,99.33995,268.64404,-44.53901,188.86433,36.57126,-37.5126,12.74988,224.15678,-113.220535,-28.207687,-151.47383,-73.73285,3.1677437,146.42137,53.615067,107.36591,-105.53719,187.44621,116.560074,-165.23924,-23.060623,-170.03444,-17.942352,-232.77927,-107.342834,-43.295334,84.03958,-178.2574,-204.52065,16.697006,23.865112,106.464966,115.632324,50.254898,160.3046,-160.88809,-27.943836
76.25995,75.896454,57.362534,28.109146,41.570175,37.29779,86.11148,85.0,-150.46844,62.58506,53.23498,-254.89844,104.92907,13.522505,0.0,-82.96555,146.19313,16.283401,144.93527,179.48224,148.6788,39.056465,109.68878,100.35971,-138.47961,187.06601,13.140278,37.26094,83.377396,150.01038,-204.89238,16.58593,70.89593,88.29419,-200.33302,-43.90294,-168.444,225.45796,-14.962303,-155.0068,0.0,0.0,-13.800598,-119.460144,200.28453,-308.28186,18.633646,33.08467,-89.33599,-140.72514,24.121027,-21.551624,-125.68492,-18.65369,114.063354,106.25243,173.76715,-47.30175,159.4197,-103.01442,122.03347,28.044285,-71.12123,123.82104,80.15562,-113.452805,48.973606,60.88466,176.5861,154.62813,163.4755,4.429041,102.20782,14.325596,-78.44587,-217.29918,30.738197,145.34248,68.12918,198.35011,-65.509285,179.71806,6.42321,1.1147575,-74.19822,204.41612,-105.15614,-37.914925,-169.74124,-69.22224,128.73611,175.20277,139.35928,41.665863,-26.93425,115.59344,17.334145,-183.92384,-81.02998,-86.79331,-81.16253,-225.55605,-153.17386,-38.92679,108.13875,-104.0856,-165.02692,-69.55143,-61.07129,46.455784,177.07779,83.81579,233.49094,-173.61166,15.0
65.24698,92.308624,37.18186,37.979546,31.665173,19.539919,102.61916,-48.428635,-92.95736,60.290833,26.546352,-251.82465,120.22393,-8.560499,69.41872,-85.130486,108.49389,5.4631157,186.23969,149.1821,140.28238,49.033195,88.43098,125.02206,-101.78656,178.41844,29.406515,43.839508,104.375725,122.27049,-137.7458,16.57503,81.59209,107.81974,-193.5588,-15.0920105,-170.86612,171.8195,15.785213,-117.63022,31.806828,38.720978,-14.482685,-64.12383,193.60019,-282.8021,31.87542,36.69015,-129.78255,-129.07594,45.54281,-4.0685444,-97.07957,-65.35668,110.46413,97.86392,127.867065,-75.04945,112.268555,-127.41939,149.80887,33.40778,-32.57039,47.94159,91.80915,-69.69074,45.621758,38.955387,163.91722,145.12543,129.92038,33.407753,91.049255,10.671006,-53.68299,-161.44217,45.330814,180.63249,98.73348,238.45618,-78.99018,193.14644,0.9279442,-32.527542,-85.31347,156.80019,-86.26623,9.651256,-143.56964,-83.58909,81.50687,166.43385,107.762886,74.00581,-44.248528,122.396194,15.70414,-165.89728,-71.30785,-47.512634,-44.357048,-227.98465,-136.97609,-54.43071,60.02236,-97.64153,-190.8566,-78.694695,-26.545212,91.3942,157.45464,83.01399,203.3879,-101.40392,-30.936302
74.94685,80.49988,52.458206,31.76007,28.523718,25.32579,102.29896,-29.66262,-136.4123,52.47104,40.41735,-235.60489,94.88508,31.650467,37.605873,-71.975845,111.30409,2.911108,169.80455,145.25775,148.78024,15.600586,80.22163,114.31452,-128.01778,184.9516,-21.406166,43.758022,138.61649,122.12403,-145.49803,21.226797,51.27349,73.852356,-187.74109,-53.45408,-149.81572,221.49529,32.87065,-172.8298,68.71823,52.66752,-17.22776,-48.199356,199.51205,-300.69846,4.7754326,16.257772,-103.12447,-115.5354,41.460663,0.22597885,-93.725494,-43.80078,109.25618,72.81172,167.72878,-55.670013,123.41462,-100.02858,178.05032,35.08185,-34.78538,75.724106,118.20181,-90.02476,25.803959,42.183105,120.08606,147.55911,143.74509,27.907585,80.72,3.3612232,-22.977592,-201.21092,34.467648,127.25409,105.8407,225.3919,-96.9704,213.02449,-32.75447,16.809978,-84.55901,159.79903,-85.91894,-6.283987,-176.45047,-85.6111,95.621574,170.40834,128.60962,63.820282,-15.388233,128.57208,9.432896,-172.31555,-33.791733,-62.002243,-27.045727,-203.7152,-114.99301,-70.36093,36.70488,-91.38354,-183.78346,-89.139305,-2.8236713,93.7908,177.28255,94.739265,215.20149,-100.31056,-28.56031
82.0,128.87173,56.73029,67.02049,26.0,-30.796394,189.17781,-41.00365,-194.87218,95.0,30.084534,-248.57611,38.69894,39.437237,18.823801,-38.027252,4.03594,-21.19205,120.96107,142.50125,117.798996,61.800983,36.574924,101.81165,-140.09738,225.20325,-4.230112,0.23960686,94.8842,117.467766,-109.66405,-73.95144,26.062658,127.88379,-208.27818,-145.49762,-178.46387,200.71179,118.995056,-49.72805,84.870895,54.974747,-94.611916,-122.20792,224.26294,-365.45163,75.23128,55.281696,-155.1009,-78.84736,34.482185,-38.00155,-101.22334,8.177094,80.81236,63.265297,170.4095,-79.53152,130.39111,-189.18988,112.94056,69.53469,-101.71268,93.19258,41.906868,-99.249825,68.22426,22.323318,160.0546,137.7243,106.80028,-20.575657,12.7529,71.248726,57.908257,-241.1059,87.414925,83.146225,70.997406,247.54385,-43.949684,136.65878,7.509389,-12.002193,-21.275074,211.10329,-82.94487,-33.84285,-195.30292,-75.39315,52.2791,97.42227,74.020874,27.781647,10.828517,172.50728,67.41324,-230.88245,-29.102844,-110.16902,11.473094,-204.56346,-106.762314,-47.53121,59.494827,-133.25925,-143.99945,-33.128456,158.0,72.82271,176.93674,82.829834,194.38568,-151.13138,-28.843155
72.738464,49.203674,36.56897,70.89325,32.8773,67.19345,113.81407,-5.736044,-126.10199,53.58126,48.775375,-239.20218,156.38748,8.793032,72.68552,-25.988697,104.65632,-22.655342,164.13145,177.50854,116.47548,37.503693,77.091484,124.029945,-135.73712,187.09315,16.233093,22.350946,92.28891,104.61606,-156.79698,-15.37104,75.7246,91.447,-190.18204,-63.34716,-192.1023,216.06638,13.841276,-176.4672,40.571724,35.85161,-50.33316,-100.185814,175.71556,-312.44205,8.912111,24.406567,-75.26028,-114.00957,39.53946,-10.304676,-102.77684,-46.316742,161.45808,54.283928,215.3189,-64.550476,125.95577,-82.1082,87.74069,38.31892,-67.926186,81.453674,107.312355,-136.61722,42.852005,71.84522,145.06747,95.60362,158.3071,20.703743,104.20315,13.911387,-16.13198,-191.65712,50.02292,141.05023,64.60042,203.80183,-48.676132,140.6549,-26.17709,-3.5293732,-91.30713,196.60367,-156.61546,36.190514,-169.24995,-71.24196,72.21196,127.50002,100.74328,41.767807,8.74537,122.441025,-1.2289047,-208.22224,-52.368973,-73.185036,-44.65014,-152.38457,-125.109314,-16.815697,80.50128,-103.88677,-167.23647,-65.2166,-63.083885,88.61291,168.68858,99.71252,169.79898,-165.55086,-42.350853
76.20227,83.41353,48.771023,46.467293,29.986511,27.10295,139.35074,-28.684307,-139.06152,69.19595,56.203156,-254.73422,73.96504,-18.43768,56.7198,-88.85907,92.67031,-20.3246,182.81242,146.5849,152.33315,40.86228,74.67524,128.29153,-127.31029,187.1196,34.3659,39.757484,139.55142,92.8167,-149.58784,7.606822,42.46618,80.979195,-238.97641,-5.3972683,-178.15807,160.30846,10.04914,-118.81111,36.814037,40.84363,-12.247349,-94.34838,230.97375,-342.25214,11.377599,10.592877,-58.849777,-145.44724,65.72732,-0.13466072,-117.72772,-43.076653,131.16208,82.11911,173.34775,-66.94007,132.62354,-94.765236,139.34491,54.071636,-44.824173,103.66523,127.73788,-118.75662,50.39393,10.901782,116.52587,114.70465,147.79974,-1.8445683,111.25409,14.597423,-50.563087,-241.86615,63.56257,179.73665,94.78094,186.19844,-84.003456,173.09923,-1.9861107,-30.946178,-78.17756,179.82126,-119.40993,20.42281,-175.69746,-118.9659,78.591644,185.91023,115.42283,27.653673,-17.944214,131.15979,-14.65414,-230.82777,-60.021957,-86.935844,-39.915535,-191.84299,-143.59692,-56.093475,73.92961,-76.81667,-160.9335,-87.432175,-54.63253,73.77078,190.33795,144.55751,183.67828,-141.48827,-42.15403
71.642715,68.30463,42.646988,29.015316,31.189514,38.567505,130.07016,-20.008873,-102.56022,58.850906,41.010506,-223.78531,81.75723,7.104761,34.307762,-62.63845,76.770645,-42.050552,172.52235,150.08293,128.47421,36.677025,91.4014,170.60776,-86.47106,181.36128,21.757738,19.055996,117.147224,134.99083,-184.33275,-8.770182,44.24947,79.43799,-189.13893,-65.80167,-159.30626,186.57343,1.8435364,-114.57846,21.810236,54.913826,29.240969,-76.0833,213.57993,-290.75342,-45.614906,8.712882,-96.46894,-163.66905,65.52071,14.519866,-81.36077,-62.669685,147.74988,102.177155,159.34666,-68.622406,118.711624,-96.1638,142.18988,41.46955,-32.32643,78.79471,120.60111,-116.90196,15.295553,48.38825,106.30613,115.22662,183.21448,19.027914,68.141495,-5.947035,-25.451077,-233.36922,69.82484,131.82538,108.83453,231.20319,-77.07833,195.00435,-7.720846,0.87963295,-82.78393,164.8043,-123.96727,6.7991934,-158.15599,-79.3853,64.81705,204.41748,100.85189,40.2437,30.671852,113.67204,8.989431,-212.80138,-57.67507,-57.33484,-84.472595,-222.05266,-129.2656,-75.2285,82.16849,-108.56377,-178.33372,-85.89622,-58.791054,118.66876,151.47395,140.9374,142.4875,-144.2972,-41.2729
94.0,109.24944,55.70825,50.70685,27.0,-25.453754,149.57358,5.357506,-157.74702,97.0,17.149529,-230.47942,38.32026,30.152151,-0.28482056,-73.906525,19.891092,-57.916084,140.96301,118.68192,137.66144,117.75246,44.014236,112.82435,-132.09755,201.7389,-9.81554,-9.434061,150.81816,160.23404,-167.97383,-57.785095,21.793594,125.818504,-231.65302,-158.95366,-166.65271,162.58272,75.4791,-58.672157,92.5424,14.261945,-87.960236,-120.081696,258.5702,-378.62448,122.57296,62.88708,-185.39522,-92.340836,-1.4564915,-34.596657,-107.41786,-27.361996,89.00686,117.280106,184.97781,-72.83219,166.7828,-145.00941,112.57283,66.10769,-85.8746,108.04852,96.42139,-77.83769,41.742393,62.683167,120.98533,159.30273,91.95995,13.541496,10.608461,46.74311,36.795097,-286.8405,28.667492,81.605804,51.168945,242.0434,-34.05305,148.56607,23.284945,-24.677681,-33.581097,208.31412,-124.0208,-31.677628,-180.49063,-93.49211,32.22547,166.0299,49.383945,93.0653,0.38262177,190.5235,53.957115,-184.3086,-32.099957,-124.05908,-34.674774,-209.03813,-119.133545,-54.15944,80.5756,-120.45561,-210.75943,-66.87611,7.8784056,94.065956,124.50741,90.39958,207.75975,-187.80548,-49.962906
72.319115,75.48369,35.86423,40.547707,30.664927,40.62337,87.491455,-18.771221,-132.21027,61.402943,29.050959,-247.34415,126.64364,46.092773,87.7564,-44.648758,130.96167,-14.412235,152.60498,196.33478,184.7654,27.470726,104.43446,118.11478,-127.66872,181.92757,20.605507,-0.85126877,104.112015,131.05284,-170.30577,28.16087,93.23915,63.522118,-202.75128,-74.037735,-168.84718,170.73445,22.371822,-115.82893,17.738735,42.951576,-20.214653,-84.54115,206.45915,-294.6645,-4.622425,-8.543797,-90.00948,-118.346664,24.127886,8.891394,-84.31731,-63.230476,151.76392,78.96431,160.42587,-49.12226,126.52356,-102.109665,114.362434,31.753246,-41.1054,63.931686,90.33502,-128.60042,-4.341057,36.103336,118.86278,137.77765,152.53568,15.394327,98.23066,14.760311,-51.68284,-197.63994,57.34119,153.63208,71.093376,201.4811,-70.80969,126.69347,-30.811314,-19.626904,-115.5968,189.72786,-136.52888,23.1839,-141.83304,-114.18559,52.104263,153.10754,117.99036,50.140945,13.964736,116.136826,-27.641304,-210.17932,-33.372505,-98.4298,-40.277027,-195.60779,-130.9847,-39.9415,90.71714,-105.68422,-192.60849,-55.053116,-53.354965,74.22406,144.47218,125.07248,172.80637,-158.49207,-52.868416
98.12471,118.0,66.0,77.0,24.087496,13.255535,115.62456,-34.288887,-150.11432,69.29365,49.006546,-245.09738,46.713135,-45.045937,55.289185,-61.297417,141.66336,-23.840157,170.2486,100.139885,156.03976,30.807005,87.72901,137.72977,-107.05,137.85255,33.805676,85.508484,114.85122,139.64304,-163.74261,2.4972305,59.732925,95.64067,-255.01297,12.396074,-153.02365,145.2245,4.5576916,-122.93704,37.33468,63.7342,-28.540142,-51.38041,247.12267,-326.4324,37.40736,17.32012,-113.213776,-129.30986,34.66472,-1.6663151,-143.61829,-78.52328,143.90689,102.67874,144.4512,-57.362846,122.49551,-91.09212,139.47034,23.23667,-14.493374,83.3067,95.35058,-112.16893,23.448967,49.26627,153.08868,149.38635,120.66462,53.907593,75.92067,31.098066,-25.519604,-197.54071,72.38309,159.8941,110.282234,191.60039,-86.500916,129.06615,-2.3936958,-8.239555,-90.01686,237.17589,-46.858353,42.808353,-153.55034,-92.07021,77.071045,210.21301,80.045586,41.404922,36.10164,105.26181,-22.613983,-185.73096,-59.17605,-105.52302,-34.247154,-205.1047,-139.75655,-18.45237,57.242817,-60.981544,-178.9952,-87.1341,-46.406006,107.08526,166.32353,130.85794,171.21393,-126.71919,-63.162727
65.820114,45.96839,21.64105,13.921263,30.49276,4.3821774,130.8161,-0.7033329,-146.20067,55.866554,71.39365,-235.63019,24.955595,11.327262,67.64943,-15.0331955,112.64552,-15.517952,138.94339,146.78363,171.70413,19.559752,73.5913,165.9916,-116.12218,134.12247,86.83387,42.62973,93.14729,134.7233,-150.64159,33.03015,41.00206,68.88487,-227.76456,48.875828,-161.16934,150.03745,65.37235,-132.05072,57.786743,28.726595,14.897353,-63.537254,210.45544,-304.93878,5.078804,17.055115,-100.79817,-136.5285,68.83659,12.803977,-118.96063,-41.859344,145.95975,156.44856,140.6719,-62.95742,139.37958,-107.26053,151.23569,38.387356,-25.281322,85.6869,135.72458,-97.89012,6.259775,35.708714,147.89029,147.65358,164.39304,22.410488,34.55265,49.56707,-19.903,-239.27295,37.842804,156.53331,76.630806,209.71637,-86.53351,189.35873,-20.935349,-31.852234,-97.66386,194.00037,-102.506516,1.7375851,-186.5251,-61.534714,89.9425,203.83656,128.42369,-14.269356,34.67667,169.35529,9.165133,-205.73042,-16.951443,-94.25327,-20.241741,-206.85858,-135.51575,-95.15395,76.44986,-104.626305,-187.54631,-52.079796,-77.588524,129.10136,187.58658,96.89579,250.31502,-160.47661,-60.683037
92.0,121.0,59.0,72.0,28.0,37.0,149.62158,18.022028,-162.02269,95.0,84.16879,-263.99762,49.03887,17.559637,-2.7373657,-63.478035,32.36298,-31.904629,109.05043,60.347626,173.93661,56.730923,75.23777,87.39287,-119.13022,159.14241,22.132254,42.818573,136.3525,133.2059,-151.40648,-89.97161,40.67501,193.60999,-313.70416,-88.58677,-122.87303,146.86781,94.68839,-64.79095,112.670616,41.25889,-91.37983,-74.041534,214.56927,-305.24146,75.02978,52.81771,-215.32869,-26.996479,-19.396652,-21.88472,-140.66907,-36.565517,100.55154,136.05469,145.51959,-86.38031,181.07901,-160.74866,33.69651,92.16977,-139.4259,149.32855,27.51482,-63.471306,4.0769043,19.057755,141.47748,177.23636,100.485466,-44.251015,-35.229195,55.66684,39.363075,-302.97476,81.40585,72.75844,52.62776,240.58585,-27.078503,155.36255,9.270705,2.0186691,-15.775585,286.82034,-81.34363,-50.095474,-189.47801,-58.370247,70.753334,182.52971,63.399677,119.94105,13.51484,166.23674,65.18768,-190.86194,-17.150452,-186.26376,-17.59245,-210.22841,-101.06661,-41.54265,62.33864,-121.451645,-177.47128,5.180628,-70.68055,114.90258,141.11784,79.45775,226.30362,-189.0306,15.0
88.82398,45.76658,19.489252,61.097683,26.491285,29.195322,103.901855,-51.44317,-141.42749,66.29088,25.593115,-265.01,114.716034,55.755238,68.01869,-32.66549,122.00422,-27.514702,158.45375,162.78348,127.47193,23.276546,72.947754,117.084305,-154.05734,213.24397,22.727493,-8.9392395,115.706696,125.74634,-157.87398,2.0282288,74.86393,98.2842,-175.11543,-64.420006,-156.745,195.06277,17.157837,-127.23729,20.512033,23.548553,-3.2212048,-115.5878,198.63329,-278.13336,18.376701,17.906834,-83.17873,-111.019394,25.932848,13.939071,-133.05789,-48.637787,192.07008,85.805984,171.30817,-52.085648,121.16705,-111.13129,98.49171,24.073671,-93.347275,64.36568,75.88631,-94.83199,48.11238,33.194168,122.94261,114.333046,137.01816,-0.60186195,95.24512,2.5976372,-53.673737,-245.13809,7.333709,135.22214,119.740166,192.62932,-34.531796,200.73102,0.8380413,28.321123,-90.81176,175.50462,-129.05025,13.549881,-140.65855,-33.865776,80.559,164.86218,124.34011,76.95926,-10.674393,126.52746,25.60595,-219.90063,-27.50771,-56.013687,-38.836224,-184.70116,-118.46098,-32.348537,35.07023,-142.70462,-173.65556,-50.005035,-62.82541,86.95228,143.4101,84.00896,163.73412,-89.590096,-50.422638
78.99202,64.78693,50.299072,33.215622,32.072796,34.89414,155.63947,-21.238216,-139.45552,72.3892,45.33,-228.87729,101.892944,12.629471,70.45175,-71.94985,104.09076,19.664366,185.39124,217.32787,120.17754,45.91105,72.43028,116.12549,-80.25978,163.42352,4.4233093,46.512127,67.55516,98.36869,-178.89725,7.8438854,95.931404,88.43014,-190.30241,-114.79878,-152.01424,198.7887,28.22377,-120.6284,23.962336,22.890907,-45.550087,-94.529015,216.31172,-325.43942,-17.667137,7.0744934,-95.042076,-105.22834,34.41975,21.326105,-92.02979,-32.4197,133.53418,34.4489,139.00923,-100.47071,106.66063,-114.10866,130.18613,38.54181,-26.964714,41.95543,112.48439,-74.504295,15.065553,21.628447,139.06615,123.80297,91.10307,7.325386,57.815357,16.983967,-23.231216,-194.72784,47.73012,155.17574,87.97412,216.40144,-61.449883,146.76085,-1.5333843,-28.959797,-103.47482,165.33153,-87.8889,5.4143524,-189.16135,-91.99489,103.66618,150.99792,129.47293,17.666828,15.662785,84.033676,1.7249889,-166.32274,-64.844925,-56.551155,-27.805836,-152.14578,-144.9808,-32.232067,106.05878,-93.495995,-174.10387,-46.17267,-29.115746,74.36252,152.70355,121.13768,126.51896,-147.36937,-52.615356
80.979836,40.721027,30.700382,46.625553,33.438473,22.23051,175.71536,-8.402529,-109.587265,55.09975,26.594872,-251.30396,88.57095,39.17978,77.01427,-133.8057,115.31518,-54.2321,135.86667,134.83286,125.528435,25.490875,102.49514,160.89156,-128.15207,219.33813,31.880222,35.940384,126.66083,117.77149,-182.32773,34.955177,47.624695,89.393616,-213.68367,-17.959232,-143.90247,174.63647,56.15948,-123.09891,78.36988,26.992426,-8.2052555,-121.7036,191.21986,-290.967,19.15318,-9.686798,-130.15608,-151.57309,68.01064,8.156309,-77.62409,-62.431305,85.65232,101.07584,140.74771,-53.101013,135.67761,-139.80664,173.2147,51.203087,-45.237434,40.66653,130.81297,-69.672935,3.6464672,32.646805,140.414,118.02545,127.242195,10.532026,82.28046,57.224476,-38.127155,-261.3122,19.79169,139.67941,128.72308,214.01395,-49.0886,170.68698,-18.40403,-9.254679,-78.9354,170.97536,-63.269722,-40.64596,-176.55038,-78.757256,109.90997,169.62625,147.79744,47.34947,-12.575813,130.5173,17.791359,-206.70535,-13.001217,-96.803345,-37.344017,-200.2408,-135.69666,-53.861275,97.14041,-82.96653,-149.89438,-75.07419,-37.504677,95.34626,177.11978,118.362564,164.9972,-162.95267,-38.749443
85.0,127.29878,26.6206,53.01436,22.0,-70.368675,154.35143,4.1788864,-110.34924,95.0,46.644768,-231.78072,108.119865,47.94144,17.429111,-60.59543,35.76537,-39.91881,80.08382,75.84384,113.082,58.158043,49.636738,108.59724,-94.8593,196.16856,35.64616,-3.1137047,138.42429,149.25809,-130.53648,-68.38864,50.53263,180.77066,-230.00845,-112.66792,-151.05066,154.38548,88.76896,-86.31378,64.52686,8.336261,-88.8216,-123.407135,192.0167,-356.07166,67.67609,62.801914,-207.16655,-55.802406,-16.645283,-35.898193,-73.91754,-15.224861,20.691753,119.21242,197.07458,-72.28435,139.49643,-172.0778,89.4778,38.366158,-163.31651,110.34795,47.92555,-42.879196,97.08795,76.72123,140.14389,167.0822,96.172134,-45.79023,6.033209,29.22586,13.305028,-271.12143,13.220325,7.543539,93.09442,227.4488,-38.342793,178.66277,28.574497,32.64414,-10.314178,217.12505,-101.34447,-18.154678,-183.73656,-69.661446,32.893383,158.08641,64.77684,113.9065,-93.76853,161.35464,95.12295,-174.30144,-46.662476,-163.63562,-37.39124,-222.20471,-90.53802,-89.90116,72.221085,-140.4939,-159.16832,3.8806534,-15.024704,86.73397,183.63716,65.871475,185.31616,-161.07623,-35.879295
72.41399,77.747505,31.60871,22.508734,32.82169,21.40462,128.84204,-32.88248,-94.48336,55.035995,62.893284,-247.32568,122.922516,13.263368,42.364853,-82.374466,106.77875,-31.62334,122.32119,163.81432,131.2276,61.827526,79.85188,135.92496,-127.89516,206.78012,40.778248,49.36998,132.05508,151.05382,-162.9179,-22.310734,72.29956,80.17241,-188.39133,-61.08628,-159.51517,143.5875,40.567795,-148.50183,61.27694,45.642555,-1.9149036,-99.26224,146.43121,-270.69504,31.622545,32.69459,-116.21301,-101.76987,51.546818,-17.304653,-96.04168,-30.176575,138.3715,81.07643,158.29982,-92.851585,142.79468,-136.18132,111.638916,58.94013,-109.64847,87.7621,123.2192,-65.663506,15.337513,9.963267,119.08952,149.5219,112.54821,-15.592285,56.489674,50.41239,-70.03097,-204.76762,41.344467,162.0548,98.05981,199.99731,-64.84772,185.39845,-21.921848,-2.2403965,-57.03672,170.38367,-158.16655,-31.848305,-143.92886,-59.699905,91.70027,109.082344,139.3706,62.87193,-38.017574,93.36849,-8.128469,-194.56282,-21.619408,-31.199726,-33.02459,-205.3361,-119.084305,-61.15909,97.618614,-99.456314,-210.55304,-68.67561,-35.959396,81.99306,214.72958,58.700176,153.48862,-149.85725,-42.828484
72.95768,56.04173,45.56315,38.713894,32.727486,-3.677227,107.93748,-3.8552837,-86.63653,66.09434,61.266216,-257.27084,90.147804,29.2079,55.534885,-79.971825,110.45743,-10.395252,139.63551,143.55319,134.13513,19.554655,61.305233,160.73364,-105.18427,203.95839,-0.09218407,41.27491,142.01056,153.00562,-178.66599,49.032845,30.409073,86.23563,-233.27895,-21.226566,-139.8002,188.16681,51.585697,-123.71529,66.53356,64.368614,-30.539883,-78.96863,152.57901,-318.30145,-1.5699005,3.7921238,-89.15204,-124.13788,22.669815,22.302383,-106.1873,-6.9270096,140.77818,114.24553,215.73317,-104.42272,162.66388,-141.84784,123.603134,24.986797,-75.63861,84.966255,115.181496,-19.629887,-11.6356735,23.67744,158.60803,120.49342,105.73031,-3.6220245,48.647255,22.705597,-73.73038,-241.88687,37.16781,161.07979,105.39644,199.98425,-41.318913,210.97021,0.294878,-8.7981205,-72.224174,132.60779,-135.21896,-11.073299,-167.4198,-102.7814,87.427826,164.58226,139.05533,48.234554,18.047497,120.011795,5.0945625,-141.9089,-17.830444,-79.35057,-53.255005,-247.59637,-149.523,-58.160904,87.26158,-121.87479,-172.53687,-75.13749,1.6138363,93.20916,195.64815,117.80048,154.90495,-144.74405,-57.02732
76.11267,29.455162,24.354414,31.078661,40.629868,39.209446,108.189926,-17.051815,-123.03026,60.790607,11.848031,-256.77216,79.9138,31.289803,24.064093,-50.102318,92.80568,-12.754799,155.12761,137.34375,179.66127,48.369213,125.007416,161.63911,-106.18497,192.8621,11.675152,19.400236,166.75136,137.64053,-170.26303,-27.9873,34.233242,121.796486,-277.87796,-48.72602,-171.7764,158.5941,21.999071,-144.66806,78.67925,43.020164,35.44024,-83.13773,250.93654,-332.44034,28.706308,5.1572933,-112.89189,-164.20761,44.814713,23.721806,-102.08925,-38.701153,119.00722,114.764946,182.19357,-50.082596,106.77974,-133.48297,157.13187,54.98269,-86.18406,100.93057,165.9043,-82.21792,20.997414,-1.0086651,144.62708,203.99391,120.177,-31.28952,96.16132,69.327576,-39.14557,-236.24518,50.089394,179.10178,64.5329,211.46211,-4.409521,207.48257,-21.400139,51.719376,-108.71776,153.92316,-102.8743,-37.814087,-225.25092,-97.56754,62.950108,155.24435,143.95181,52.698753,4.3719234,167.0552,37.77638,-226.55962,7.5247984,-73.835045,-6.583761,-220.89749,-111.24365,-107.86226,58.83514,-106.187164,-190.45085,-81.27466,-86.57162,112.193474,174.99463,109.18568,163.19435,-129.42351,-28.564869
98.0,101.759476,42.43028,44.301224,33.0,-54.356483,141.43929,27.551607,-145.89432,97.0,-3.8168068,-228.89365,31.944405,52.081844,-19.528435,-42.391205,-43.169273,-57.721573,54.189087,74.72186,172.63239,115.7403,42.31373,79.07825,-111.11034,247.61906,-39.25087,-14.141979,144.117,111.28477,-135.89635,-93.1391,-9.470337,144.35461,-211.63199,-71.442726,-164.59668,137.49452,81.22805,-98.048225,99.75905,7.162055,-69.06118,-102.10089,220.61298,-350.5441,95.26137,50.62854,-203.62361,-107.96886,-20.721966,-45.93878,-86.76984,-22.062355,77.21248,122.306206,213.59923,-74.78547,145.8638,-190.7109,77.941666,37.71695,-110.07643,161.34848,57.050686,-28.074528,85.29942,70.55253,179.60939,191.97879,102.59123,-39.391766,-60.83235,10.943231,9.38633,-333.20258,50.859085,40.391876,38.019417,251.09605,-11.571415,213.67787,0.97019386,53.870003,5.3771095,251.87477,-117.42906,-36.57538,-209.31091,-76.801056,1.0481815,131.10883,94.220245,81.21591,-33.143593,175.43204,122.42876,-239.12271,35.09066,-121.94177,5.8859844,-254.75247,-85.40965,-133.74966,123.61365,-162.68623,-180.64069,-14.163475,-22.812157,114.3714,149.39955,52.08103,213.79752,-168.25653,-31.629467
98.0,99.51644,-1.8521729,31.473305,33.0,-26.862827,132.10068,-21.499802,-131.37856,97.0,13.054909,-269.02103,98.23808,74.012726,5.6695385,-62.86946,37.04105,-49.914787,35.782875,63.10064,158.20277,18.078037,45.109978,113.089905,-95.31967,271.83215,25.850906,5.5804234,158.01083,171.29343,-138.81432,-109.37221,-7.1713047,148.56796,-221.41472,-100.799866,-202.92082,116.95783,51.854084,-126.3306,44.979393,26.087008,-52.74092,-99.92338,168.01123,-363.70074,117.67789,43.39821,-194.1615,-95.28279,-32.55394,-29.959553,-84.286224,-6.574848,106.93443,145.5686,229.36584,-38.298656,158.76495,-148.80313,60.763435,44.780045,-171.27214,134.0073,34.295193,-14.323067,82.777145,43.635635,133.00482,161.53053,80.23334,-55.773643,20.66512,7.0124893,1.0719814,-324.55923,61.986507,58.92993,95.67454,231.66425,-16.97324,185.08807,20.352068,50.011524,27.39138,229.93358,-131.72067,-51.341194,-211.39505,-70.51889,-0.8327503,176.02827,130.05927,90.51603,-53.023224,183.7882,134.65807,-206.9036,29.697056,-147.03627,-20.153503,-197.26648,-86.216125,-104.74735,44.502792,-164.0999,-199.50313,-1.9907799,23.713974,63.512676,186.31699,32.22633,188.16486,-141.23448,-36.346478
98.0,95.49141,22.27218,42.329205,33.0,-24.055351,99.58278,-4.773493,-119.59152,97.0,-23.08678,-267.1844,125.7956,58.162033,44.078537,-6.9511223,19.990244,-45.71118,38.0624,65.44166,118.02546,50.885357,74.90164,117.105576,-89.86063,256.61353,59.53817,-47.790443,126.26069,174.3466,-146.27092,-90.08576,-65.35561,157.20815,-210.86337,-115.2316,-189.88855,113.46529,69.91312,-110.6165,37.203957,3.8774223,-50.753563,-125.44136,214.45343,-380.07355,109.84563,28.521374,-195.67696,-94.81946,-45.01198,-10.640034,-67.66092,-10.526176,86.74607,126.77185,218.53615,-34.19624,163.8709,-151.04387,17.223604,52.1152,-173.61066,141.59845,50.73374,7.335574,52.936394,66.11923,168.63165,148.49252,50.75357,-38.08803,17.62299,45.11621,-16.354042,-303.018,62.712627,64.17366,51.747368,226.04408,-4.901596,139.97807,10.677159,67.50022,16.225018,247.67336,-102.23654,-45.2042,-200.72214,-72.42312,-8.101898,118.206894,129.43074,84.36185,-50.282288,194.53477,114.26015,-224.46867,51.030235,-140.78831,1.5326805,-205.07397,-110.32051,-90.480774,61.155823,-179.1141,-160.64812,-8.077621,19.251692,109.44247,193.1872,78.444244,174.11598,-121.64493,-45.663963
98.0,108.53431,8.2960205,34.49761,33.0,-32.73999,140.57193,-29.718708,-156.48979,97.0,3.5432644,-244.16125,103.17398,91.57169,18.126503,-25.925777,-3.017046,-50.541702,20.343456,39.124207,154.33737,41.086456,30.186478,88.934235,-107.283936,234.29686,28.776127,8.927553,164.56334,156.49344,-123.88835,-103.301445,-0.97755814,171.10617,-261.7668,-61.23796,-188.70522,129.50612,65.873184,-136.86736,59.67181,17.468481,-60.305824,-109.79083,248.25734,-373.9122,67.588524,4.719883,-207.44305,-68.284485,-69.3702,-19.16925,-86.44903,6.2018642,116.18247,151.60094,196.16138,-29.916508,176.82709,-135.23518,53.845566,79.272766,-191.8532,155.7756,39.696774,-27.855259,63.878315,55.29539,132.91116,130.90546,66.80565,-58.99961,9.277271,24.423544,13.078011,-336.3815,46.25985,8.786249,57.569553,236.16025,-9.431179,221.6409,17.66222,59.879013,8.674742,254.23454,-126.015854,-27.86647,-217.57465,-59.852554,-31.08469,133.18518,125.37445,73.53639,-32.367466,182.19266,111.31708,-256.08942,24.7451,-137.95578,29.685965,-175.78278,-105.01261,-92.72884,70.500374,-197.71832,-156.8919,-7.221279,10.474361,136.8493,167.36429,102.91449,202.041,-147.43489,-28.831863
98.0,102.31941,-5.886894,44.751064,33.0,-37.57939,113.89311,-31.677124,-146.66757,97.0,-9.717083,-250.20041,107.516075,90.50649,10.06129,-12.611298,6.841092,-64.031654,34.641098,46.22355,131.55319,64.20441,25.27511,110.711716,-101.65753,230.10405,-9.480343,19.675968,160.1348,163.62541,-165.35237,-102.17048,15.102205,159.14105,-254.78513,-80.97171,-161.36961,149.89659,63.851418,-122.97035,79.299675,40.66697,-65.94668,-134.44858,208.03792,-349.0566,75.99499,21.371742,-214.41402,-59.385826,-29.511738,-19.560944,-102.978745,-1.8874111,87.6819,84.53366,211.48987,-61.856026,151.12741,-124.28888,14.365865,67.562485,-170.10066,155.23694,7.5947695,-31.821499,76.47815,34.966995,140.90085,142.41733,62.582554,-67.74602,-19.352024,53.46139,-0.5547638,-333.33075,100.02618,42.649734,40.980522,237.90079,-19.562656,195.6537,33.082935,58.596825,-18.894936,250.51872,-136.66281,-37.693615,-209.08807,-50.160454,17.568714,158.26703,138.52693,66.57951,-0.73164177,181.45084,118.26986,-240.41327,43.993156,-102.62598,37.000473,-205.50569,-96.587204,-48.23069,95.190994,-214.19519,-173.04077,-30.290718,4.4004173,104.35288,212.80759,54.88974,163.10301,-165.87616,-22.168602
98.0,79.39374,-12.612061,61.985996,33.0,-38.46413,115.11509,4.548954,-140.32513,97.0,3.337984,-258.48386,93.83693,74.39809,7.105481,5.052067,-40.094143,-70.63608,45.0103,33.269676,145.76291,72.52313,11.335032,90.178406,-120.88818,268.37323,-29.451572,-40.45029,141.29965,136.413,-150.25986,-97.23823,-34.11637,182.8,-246.22269,-95.73665,-185.95384,129.66776,88.46451,-107.677826,63.384136,19.739399,-103.845665,-122.3044,262.92285,-406.09955,80.65608,11.768107,-204.8375,-66.58443,-45.64196,-46.739197,-102.035484,14.830238,96.18715,114.6948,186.73994,-20.826027,152.50275,-157.56679,17.906412,75.581345,-177.1656,185.05916,21.914255,-57.483124,95.95779,58.552048,154.33101,165.28842,70.4909,-47.45845,-30.26501,51.21384,12.649504,-343.03424,87.83832,84.52117,37.061127,222.00987,1.8080864,163.14815,12.095189,53.02008,2.5735188,242.97992,-91.65167,-22.644104,-243.9798,-57.529312,13.86271,145.8854,123.696785,63.623745,-5.3303356,228.0653,89.95861,-249.99701,17.364061,-126.630646,80.382126,-218.90213,-87.748215,-105.51481,96.55369,-200.07397,-152.68628,-21.211529,17.277943,111.331276,225.36111,73.82,165.44223,-156.4515,-34.56714
98.0,69.46779,-1.046175,39.33294,33.0,13.134315,112.78362,-18.261116,-130.44109,97.0,-24.187767,-219.53677,84.54811,91.3574,33.522957,-43.133743,-18.447891,-99.25194,51.713562,47.05956,120.65194,26.721684,14.243907,110.209404,-127.061005,249.03658,-4.21533,-9.256805,155.0145,149.52461,-155.22331,-80.44947,1.3159904,147.85934,-194.39151,-37.15822,-193.19666,173.51164,96.19671,-130.95055,53.961315,27.709564,-73.38649,-102.722755,272.83337,-414.14474,61.741997,36.26519,-145.5322,-70.64263,-35.03274,-2.7224522,-100.06176,0.97367287,113.25665,116.851494,180.24069,-62.082253,149.55887,-147.25111,34.452545,26.888933,-177.59415,161.61433,31.155682,-65.85465,89.22235,23.216803,161.35759,155.35254,72.54837,-34.231415,12.701029,52.988983,23.02189,-302.41608,50.69406,86.25275,57.55896,196.34627,24.013365,173.44403,21.322412,7.253352,-37.45278,227.46306,-132.29482,2.0246773,-218.25461,-64.5644,-9.762482,121.59099,96.18993,52.412148,0.51348305,150.8766,54.385094,-254.83588,49.809067,-128.73462,28.281355,-174.75972,-116.6768,-133.7261,140.927,-184.41478,-165.4705,-13.120293,14.824484,79.15376,184.66986,113.77166,154.80301,-186.4573,-37.79918
98.0,108.98481,-9.76112,33.288734,33.0,-18.491688,153.01707,33.29429,-145.43745,97.0,-12.819214,-275.64273,128.3939,87.25282,41.604248,-55.813835,13.984499,-113.74443,77.33158,104.27966,134.32744,80.205826,31.904343,117.78207,-129.21016,270.52625,-30.566113,29.81628,124.85522,170.26555,-154.5524,-106.169815,22.304674,164.84761,-228.0998,-55.525276,-180.69797,117.56027,31.081997,-121.23833,100.605774,45.419357,-72.045845,-137.97705,259.68903,-343.77884,44.150864,37.904533,-180.4255,-64.95814,-71.47755,0.38303947,-88.35522,-51.650253,123.74838,100.50093,201.96513,-85.99004,162.27759,-141.73877,47.58715,56.101845,-171.03574,95.625824,28.451433,-25.559204,63.663334,69.126114,174.60704,155.35704,56.86696,-40.72728,24.30988,58.973553,35.116394,-331.32883,33.867554,28.06265,37.54673,261.98465,13.369859,144.03279,21.891302,-5.0823154,-26.944252,218.31676,-105.64984,-32.3179,-204.24985,-82.375145,8.93469,148.90384,111.523926,62.04914,-18.956062,183.32127,90.08671,-199.27605,33.71281,-112.5365,-17.064068,-197.87128,-107.09563,-35.499023,127.71891,-180.89769,-195.05045,-41.43845,14.92144,120.69693,198.83083,100.72775,109.6825,-118.670975,-12.434456
98.0,92.241745,0.149477,37.56436,33.0,-20.547997,58.283833,11.681696,-157.90213,97.0,-1.7702694,-250.14139,101.32318,95.49545,11.298745,-24.514065,57.84053,-86.47921,89.873184,64.30861,150.75322,82.26921,8.956574,112.68968,-117.40167,255.67966,-0.8649845,19.8351,179.859,202.51938,-160.5039,-108.94684,-13.163795,145.66,-217.85219,-69.27018,-181.12944,139.23007,25.462334,-152.12923,94.37169,15.491121,-63.070328,-127.60167,249.06413,-369.64572,79.680855,-18.673077,-169.77977,-107.56084,-61.619392,-38.561813,-78.45645,-8.4152775,125.57416,120.02201,184.21411,-62.958893,162.79271,-149.39049,55.850445,66.024994,-141.81636,176.0468,22.161785,-16.29654,83.59309,73.667984,190.20535,180.315,84.32448,-31.45731,-5.3287582,63.11583,-2.2036285,-319.0624,34.155315,30.164577,60.64916,237.14102,-22.37429,164.50237,21.788792,48.216778,-42.554565,235.16278,-123.93678,-39.26413,-210.60724,-84.47182,37.289135,133.27927,110.09731,65.76987,-5.8569202,189.7377,78.47745,-232.62387,44.387196,-120.59367,-10.296288,-246.24194,-115.1219,-84.47714,110.09842,-191.9867,-211.73444,-6.220545,1.3617725,119.535835,173.7009,58.45053,172.37296,-177.81744,-25.728561
98.0,103.92523,15.260153,48.2658,33.0,-31.592323,88.316376,-4.8802204,-150.00298,97.0,-19.078796,-257.77417,97.80377,98.46612,55.148075,-17.364342,27.70414,-62.31482,89.566185,85.59505,167.09084,66.068436,62.62718,86.991104,-137.6521,284.06915,42.96281,2.0421696,176.8916,175.07169,-179.09052,-81.91713,-2.5297585,148.10312,-238.42249,-48.640175,-227.53336,114.63034,45.830795,-114.720184,65.36188,13.747848,-87.81181,-135.5001,276.39844,-411.17584,77.13519,13.16869,-158.92183,-90.58644,-10.482285,16.234638,-64.54233,22.404587,86.182625,131.70117,237.95772,-51.5522,166.9812,-160.97919,49.343216,71.2527,-167.06749,180.97002,70.92207,-8.41629,99.692535,46.586716,195.94066,187.07301,41.721027,-38.27758,26.648611,76.280426,-22.165997,-295.6728,68.056335,100.55642,35.565765,215.99582,-3.2930546,212.7734,21.008467,47.02572,-38.312527,216.94235,-101.5169,-27.237053,-212.3988,-73.1865,27.440138,120.829094,113.949684,95.823814,5.8844643,195.88159,91.494736,-229.95624,26.136889,-149.67993,15.108332,-216.92725,-98.95023,-79.63289,84.57912,-159.16328,-208.92654,-19.489426,-14.352413,93.155014,212.61966,71.91502,191.0095,-158.74564,-22.682522
98.0,75.35472,-8.925673,29.155212,33.0,-2.7114067,51.891727,-7.638216,-133.10014,97.0,-39.953205,-281.48438,86.698326,39.740875,52.394753,-31.887024,33.549133,-64.53815,55.129066,52.580063,161.9457,44.46298,48.6833,101.37762,-112.25662,223.56207,-46.72387,-1.7894707,171.77554,137.18768,-204.41519,-113.01697,14.143794,152.31125,-254.34735,-31.240253,-188.12422,147.27513,79.63476,-117.244675,61.052258,-16.25431,-74.38201,-121.874054,275.86438,-397.9547,56.68516,3.409195,-194.90146,-75.50392,-58.699753,-48.971626,-99.833466,-3.7520733,76.00967,115.18369,216.84354,-33.96159,148.01328,-150.52368,20.288712,43.940193,-167.58965,168.43816,59.911583,-8.192778,118.447075,16.08218,197.24707,165.76575,41.768833,-67.404816,50.40104,63.444355,-3.9279404,-328.00745,34.628372,57.450714,77.70036,203.13269,33.87452,188.44179,31.15481,88.25523,-32.19346,236.18988,-84.82995,-39.421146,-233.10606,-58.67173,-0.48781395,133.96692,118.13132,83.285934,-13.216713,167.50204,98.04136,-223.30577,52.441963,-139.19011,-22.774078,-215.55124,-122.0173,-130.14796,105.994995,-186.43161,-189.96907,-25.22118,-13.000622,71.47357,191.27676,53.737373,199.18155,-122.84358,-22.468494
98.0,105.06149,15.843905,37.18785,33.0,-27.040966,105.01498,-15.347057,-145.57875,97.0,-45.14029,-257.08307,126.5999,73.86647,67.07557,-54.47474,13.720765,-78.34764,97.459526,38.21272,155.53992,87.385124,31.340157,78.49635,-137.30298,282.75803,-37.087646,15.9879465,191.98773,214.2747,-170.5774,-94.67916,16.686665,150.44176,-218.2316,-51.671585,-181.85406,158.94026,28.869637,-125.541275,47.28782,-31.688786,-43.766045,-140.13208,265.1152,-372.03287,48.724777,33.120247,-193.57416,-78.33227,-76.60576,-28.290241,-91.701195,23.16828,91.71816,135.57114,217.92424,-35.338108,159.36496,-210.85611,45.96225,51.267525,-187.0103,179.18669,47.672592,-32.482056,79.92847,35.469536,174.2262,165.5907,87.75036,-65.80314,4.452326,49.42112,-39.49855,-345.27515,43.64184,71.067764,70.69928,251.1272,2.5461826,191.1393,39.593246,58.651512,-5.2248497,247.89159,-131.46826,-35.90046,-206.89754,-20.564358,22.26683,124.23807,114.49987,100.00668,-60.730293,215.76074,110.77694,-242.76016,-14.828007,-127.53122,-43.632103,-216.26422,-114.52406,-124.6573,107.00634,-177.29076,-178.13237,8.87645,16.736343,100.93996,166.6856,52.483932,143.04759,-132.21584,-31.079609
98.0,84.80373,3.3075466,40.53214,33.0,-39.665993,135.38853,-9.050245,-126.664215,97.0,-26.010876,-253.93964,152.53052,90.617516,48.929375,-53.79416,25.331026,-100.85813,76.96009,80.11067,121.31004,90.25997,61.320488,83.33333,-103.27636,251.6901,14.73953,-2.0026436,160.32207,170.60318,-181.69403,-80.61889,6.2746124,116.81755,-215.61693,-51.007515,-139.56299,175.48996,56.03167,-129.89651,54.220093,-25.256004,-60.571365,-140.1653,233.66003,-377.70752,43.488304,29.402363,-158.9388,-97.14479,-60.531822,-51.320732,-59.378532,8.561519,116.835686,114.77158,191.56944,-19.925297,203.30203,-171.0683,86.99608,70.538895,-169.4321,184.55307,22.035395,-36.67767,64.59433,30.381615,198.86015,148.80406,49.65159,-38.025444,43.81213,44.38717,-44.69821,-277.13812,30.75651,55.655563,116.338585,215.14003,8.286685,143.67062,55.587307,44.258163,-45.95749,204.27483,-84.561195,-29.413845,-207.86566,-35.69653,65.27157,110.7483,117.65821,102.47441,-43.370148,214.97427,89.236824,-220.44655,19.21255,-141.92241,-27.471863,-191.89029,-129.842,-109.63429,107.369606,-194.22527,-208.9217,-22.678143,46.21579,58.04854,181.2132,70.40965,198.85971,-151.31227,-11.853775
98.0,99.75173,-5.962723,57.52111,33.0,-44.875504,62.61721,0.7761555,-131.81221,97.0,12.572709,-235.65549,78.72818,52.405033,60.441162,-23.032223,43.91149,-71.18944,69.568634,73.56258,169.94963,107.67798,57.03821,121.73731,-99.39366,256.65305,-15.244579,-8.98234,141.9225,129.07764,-167.37758,-108.14267,11.884193,139.32059,-252.22958,-66.35094,-147.03412,120.84384,61.753086,-96.34715,86.2724,16.692202,-83.146614,-131.30217,289.60922,-420.99927,37.113888,48.52846,-151.40523,-85.01285,-48.001045,-46.811012,-39.18434,16.368103,79.249,110.86502,241.00938,-27.860733,152.17278,-153.62355,43.038864,99.696625,-145.08879,167.53107,67.52359,-41.30432,73.51783,43.727333,177.73737,181.1173,22.043938,-44.871506,33.368103,90.77271,23.97366,-289.71722,49.970642,50.552322,69.66882,234.83684,21.432787,147.30988,48.246254,44.887714,-19.345024,228.61296,-104.98434,-14.537197,-200.97676,-55.517136,15.649939,84.395676,98.743965,47.474358,-13.15958,150.53961,95.107216,-217.99669,14.746905,-147.55031,13.00313,-181.8341,-99.58764,-83.97767,94.01375,-183.97446,-192.13135,-13.072441,23.221764,93.33746,182.48407,51.85182,202.1146,-146.43315,-1.5465546
98.0,74.154755,-6.6050186,33.65022,33.0,-20.157387,73.57605,12.377941,-157.01692,97.0,-16.085484,-225.78096,130.73111,105.31855,37.199413,-9.931957,-17.321972,-110.49945,66.9126,95.48731,187.32031,49.017395,34.871624,116.77243,-99.77652,270.02625,-18.141441,-3.7994938,152.4218,129.70712,-175.42451,-130.61531,1.0756207,130.18427,-253.60788,-84.87337,-150.99973,143.6148,101.35876,-135.05045,58.121468,-17.478447,-92.76527,-122.171234,283.8754,-390.79343,64.90244,39.305515,-147.05745,-76.324615,-70.368774,-31.85474,-91.43156,10.474596,103.19912,94.927345,212.79788,-12.028992,161.23471,-126.88611,97.4757,52.516716,-131.2887,134.0711,26.784527,-53.38514,104.54919,68.8257,191.67088,163.4962,68.06427,-36.29811,37.135365,89.48387,-6.6451435,-269.83813,25.950136,22.98306,30.08139,247.76129,1.8148232,187.96461,62.207485,50.956642,-14.356567,216.05325,-95.618484,-7.442547,-207.95941,-38.96521,7.590912,113.253654,107.14901,72.00279,-17.797726,171.00536,77.49223,-219.86884,30.891117,-161.55057,8.985422,-205.12198,-91.39691,-128.89699,105.57052,-164.6244,-189.05788,-29.628056,1.7706203,71.9702,195.0335,54.956837,174.74268,-160.34229,-27.122375
98.0,89.83735,2.0460205,40.481705,33.0,-29.288902,63.303947,10.002693,-155.74008,97.0,-2.1605606,-232.56958,130.85583,88.19607,88.6557,8.043666,3.882677,-43.421776,93.12108,81.3649,130.0275,79.01855,53.20939,75.68735,-107.64583,203.57175,-31.980328,-7.78837,146.21582,201.16594,-155.27438,-24.60672,-17.926617,124.66926,-245.50916,-80.88331,-129.50497,167.43927,88.39309,-115.02055,53.672405,-15.375408,-121.21176,-101.58215,290.136,-354.11725,67.704926,-4.5324993,-172.52301,-55.588135,-72.86771,-90.91346,-81.382225,-1.8602562,94.56019,94.35675,217.33986,-36.9529,180.66273,-132.32468,67.40288,79.25397,-132.985,142.17891,-32.001873,-64.75707,118.59122,65.39823,163.72992,154.12788,86.28755,-28.513268,26.92172,51.88414,-1.0205574,-247.52988,21.73668,64.99649,31.450586,203.99681,2.6510887,198.70038,58.883232,25.56026,-30.524323,201.09349,-59.320213,-8.593952,-191.88545,-15.575661,46.701244,98.19696,86.29306,81.51071,-41.149635,141.98895,84.59601,-221.57312,-37.576893,-165.24295,13.594895,-158.33014,-128.0019,-134.48012,104.62624,-130.92087,-180.8254,-36.566452,43.779587,59.038776,177.92725,43.47434,162.40291,-174.18665,7.6992607
98.0,109.375465,7.6399355,29.491062,33.0,-49.948883,35.151726,-70.75487,-137.2603,97.0,22.275497,-209.37856,168.84784,71.876114,78.66821,19.712715,5.791956,-53.451485,53.60235,53.95362,176.79428,80.471085,-5.625511,72.11243,-126.45303,168.96533,0.027807236,-2.461401,118.225075,192.31886,-139.09607,-107.10968,24.441328,160.10509,-234.74475,-30.81672,-119.19339,94.01884,64.63744,-36.580944,14.60117,4.5763474,-134.22931,-106.9868,252.54774,-345.5525,65.45734,23.440086,-191.86192,-30.172474,-50.337234,-80.41036,-74.90225,-4.076172,78.0468,108.93184,157.80641,-29.859459,145.6315,-138.55713,43.076385,97.68889,-134.31909,153.62408,-9.009096,-57.64084,77.22269,18.110962,192.99895,199.77483,16.708967,-0.28310013,37.279057,98.79792,21.542198,-238.9252,52.101883,35.235825,14.690024,241.91563,-16.08002,138.07193,103.14727,15.328463,-68.397064,199.38446,-22.104706,0.68798065,-147.73586,38.14446,69.82866,63.022514,77.55057,40.515423,-2.5014496,141.50168,103.33917,-189.36684,-35.840298,-149.78545,-52.32125,-132.81528,-117.63089,-118.73967,131.52014,-120.15759,-178.4499,-5.366255,59.85965,52.95524,92.741875,46.251633,184.62218,-171.1005,-4.66547
98.0,89.5461,38.818604,49.51825,33.0,-39.739597,-4.9100723,-43.07682,-126.92767,97.0,-12.6964035,-169.55293,167.71854,90.712456,82.33635,55.02024,89.557495,-30.358963,24.756207,96.05031,148.81047,127.010025,48.206627,71.34918,-49.809464,128.70349,-32.914154,-7.4520817,52.57276,145.82974,-79.916016,-29.224037,58.99719,110.18213,-188.8375,-9.6754,-133.92023,109.45612,39.083298,-28.9365,35.18387,2.0814018,-163.7647,-81.05778,260.70233,-281.78836,83.30585,42.69635,-149.4104,37.074867,-57.805534,-61.887222,-48.890205,-42.58027,125.16927,125.48439,182.3312,-23.579723,142.28864,-88.22517,100.126724,59.566425,-113.25131,87.562744,3.2620163,-9.701534,32.15004,6.2321625,123.0768,160.16728,5.6672306,7.436364,38.38741,125.14728,11.225746,-119.451584,72.04314,46.515625,-5.8634396,175.43356,69.52951,137.71188,66.62321,-5.319998,-117.19385,150.20865,-35.304615,70.62309,-139.63095,36.735924,64.58745,38.592236,71.65302,-23.259895,-15.804005,60.51344,85.46283,-87.1166,-80.2371,-160.44778,-30.114716,-100.29487,-112.04877,-51.709923,110.69784,-82.73611,-157.72366,-1.9836407,18.295057,8.439799,95.50978,29.554562,121.048134,-143.12682,-8.941952
