F0,F1,F2,A0,A1,A2,A3,A4,A5,A6,A7,A8,A9,A10,A11,A12,A13,A14,A15,A16,A17,A18,A19,A20,A21,A22,A23,A24,A25,A26,A27,A28,A29,A30,A31,A32,A33,A34,A35,A36,A37,A38,A39,A40,A41,A42,A43,A44,A45,A46,A47,A48,A49
0.0008126308358947822,-0.02888372599875784,-0.03619507291117452,-0.2422658923782975,-0.14415828218972315,-0.041010724385180164,-0.16264872795177215,-0.21978517229921007,0.26531065358699635,-0.0032281883248705505,-0.3001880304432663,-0.04064487522432154,-0.06261434851181127,0.04081591374245471,-0.1505414253493921,-0.073468883414116,0.06646331374764733,0.22385803250386643,0.04228694864195792,-0.10770599203351199,0.04406891696905191,-0.08532501096436626,-0.13479894005524096,0.1163567410010197,0.21544156609405957,0.2147012438313075,0.17232272191458642,0.03157004039410703,-0.115185003599311,-0.001867965218264404,-0.04461324869569953,0.2501309209508346,0.10815937818163075,0.12896801630851568,-0.23713410342453578,0.00543251925619237,-0.017310828965388138,0.1629809802594424,0.03370375926423802,-0.13969302840029388,0.20334338091685478,0.039298183410732705,-0.07494925750912439,0.0738496804587785,-0.19708118628824808,0.004513197333274849,0.022405478282682103,0.22674223176144315,-0.2364238777515455,0.03453082161076161,-0.11798835293537106,0.06250025164030615,0.20105842061108398
0.009997729001486514,-0.051071431559980444,0.02893952309816719,-0.17035060242854755,0.3225133064197193,0.25263989521555863,-0.1018674857305785,0.16328478391671641,0.2301595446656722,0.21498372602774074,0.20497091747601154,0.333436219447017,0.36025292145341553,-0.3132359436658453,0.038222145589235285,-0.07908706461023716,0.11877777442140533,-0.12256642515841558,-0.23690645128688467,-0.06321658917621194,-0.2128131230657405,0.18423928039598492,0.1807427119493732,-0.14793267463574677,-0.3470001988256271,-0.06915679603762359,0.0029936106449077182,0.030710801407396127,0.27263214650850975,-0.09816097804825272,-0.00759774803101769,0.06351986153668815,-0.19372918876632164,-0.03831159191016436,0.10434113210277426,0.19580599307989832,0.30628235273380877,-0.018721125886572286,0.2113838235259248,-0.06248590305243809,-0.012176073541153527,-0.038965811703058864,0.03144636804630499,-0.3968808278898379,0.0036053211601623607,-0.20313451359473655,0.1875028543253707,0.06834700291996515,-0.009428643852120298,0.08307037108008372,-0.22784751577936002,0.35860271289949114,0.1491894226395229
-0.028021536338273718,-0.015132154806169985,0.004839576417235664,0.10923930995312883,-0.18994148426813334,0.23170648328052812,0.13858771925501226,-0.39920794518478975,0.13591749454092328,0.46457509850015494,-0.45014526549482414,0.050706068574326205,0.22095564119997585,0.26816054098929876,0.4971022403925154,-0.07778160878897994,0.08166481644774354,0.14622209831273458,0.19104435729996821,-0.2643754307514891,0.3852130568254578,0.44217096509969667,-0.0902634832707857,0.2701326442173222,0.30467938247882287,0.3929859056834129,-0.017154784987014796,0.008183104059942967,0.5324383634305098,0.13408711291853592,-0.2721354594474706,-0.1564290622513794,0.10566859161353345,0.3356877448281324,0.7454451156223101,-0.09526774299600946,0.3373491598996903,0.11966586509975262,0.269469329236705,0.5583262915763425,0.712591502851615,-0.5435101181714187,-0.2698641154591139,0.4874255500186481,-0.0023130708879118694,0.11428472055347083,-0.14577234283169213,0.20494508754105517,0.3525081127139968,0.17947938050776419,-0.223786051909877,0.5101298420964738,-0.017953169848376926
-0.06079045011004169,0.09107351084038012,-0.05420607920289755,0.4286552257964882,0.5044043210481882,1.4080779347603394,0.3286928604296164,0.6337489115880102,0.66825309290692,0.7615652489669865,0.6850781438647329,0.38012266507776954,0.7137393971081089,0.23686040187471424,1.087223560361397,0.2217469217910402,0.178166284448424,0.780981344266175,0.7282480423275793,0.5326155532919093,0.33739221352964166,0.6148149773126368,0.31489286395380506,0.5578315070049651,0.15286290596337176,0.8402560170377474,0.26276703815480706,0.6874150359795397,0.07126907130717948,-0.05530400982976814,0.8924875109113326,0.5841559536492406,0.2869337633956828,-0.09085377342776527,2.02976054312916,0.7352919022243942,0.6096449933891294,0.7937112620512354,0.8285160235968353,0.3359786854172008,0.5191966841136783,0.2649157138356419,0.41397510964294426,0.5124778995137672,0.7859734702503998,0.5924246760872811,0.6597798306834428,0.38745979116551754,0.06920296482754851,0.2679478607869284,0.07222750573783283,1.2448718391892366,0.8963112148539686
-0.01531989083269311,0.05802628491552262,0.011132424182285921,3.631285741205878,2.382071942754703,2.5624953394984002,1.6214466204543518,3.0207433809766995,3.179148685498786,3.4756740177140832,3.403847930131704,1.0201522786108612,1.9356219347295447,1.3506551460041119,4.3783748197267425,0.9781782124107077,1.8674041594168092,1.5674845491882372,2.601715424377884,2.2922225790733646,0.7174606518833263,2.5635962703238846,1.1188638743545651,2.412027430663285,1.6888447102197537,3.446564374512452,3.3425595516096474,2.077682293789283,1.9638035403802008,0.7703355760126814,2.8937116806574323,1.8946177800496076,2.0233549222053226,1.4622644931309292,4.739030279560602,1.786192270096896,2.258733521712527,2.3047090592197588,1.3368515850919354,3.6329065390617648,1.5780038858357792,0.8788858650527551,0.4822840326291525,3.0458289316513305,1.1940325143819668,0.9842197973962769,1.6931724702611652,3.071341006196451,2.052980768509839,1.7102482360360316,2.93206809920408,2.6396631975249574,2.676149953415848
0.03823078850824606,0.05304699516656646,0.03126412883834788,11.325996012902706,8.848404159666586,9.931065076990743,5.532782841805779,10.145264570847125,8.47623168903763,10.969355569340184,16.29073437148744,5.200370967649316,11.049383673695514,4.139225320657996,16.70132605116117,3.8357986735233607,5.298793097286563,6.075047484221905,9.651792770538338,11.048863024652473,4.136298630575389,8.899627858244306,6.156124246612097,11.978509578531902,6.88439691719394,10.125925811979064,15.636530976997905,8.88344390891055,7.638273150776273,4.5058023029950265,13.341653128586072,9.426246826745665,9.485366579015535,3.9320110599841387,16.226014199116353,7.656018991663604,8.222598368143963,10.960958390780863,6.758480832257462,12.431626825784795,5.859489557745933,5.341482872952966,3.539001312639784,8.504111432484663,8.787047593362978,6.273815222008363,8.59407166004736,10.358165168775795,7.633541686837199,6.7161061277970955,9.575296331551005,10.077873411825816,8.854487612711775
-0.07926109679728986,0.06499551729855109,-0.057885584266107806,48.2459304358592,35.030047581929914,36.00545979876062,26.91684755125446,42.06779743549151,33.55407459831941,44.33397583723393,58.54359345530989,23.50594793601001,36.68001666126729,18.190228091771942,67.83698146372049,19.18108254897711,24.69285927989185,24.49215819999383,37.26002800179339,45.29862478595633,17.347152783802695,35.24395594970515,23.186428367788984,45.43555655885037,25.793065086824477,43.4606939337829,61.099189744076504,30.511134104696193,26.974566542244556,17.411789939734582,54.52308540878375,34.38711634617577,38.13911482970996,18.339880747672265,60.94344480172107,27.43677447287192,34.55836335457544,42.47600956478586,24.635919701851098,46.91518479835296,22.269705318530228,19.871105323115557,11.708927434744545,33.40305194738279,34.353155219593376,22.435147828945237,28.96465456619066,41.89026796202768,29.04167245607276,25.530119799039813,41.822053118522696,39.84130534837283,34.91503807241977
-0.014028718203709599,-0.043341221096919,-0.026694373236491084,187.06469900582186,136.32165591359131,147.23981797900038,100.26671206233634,165.9652637985706,127.34151630950193,163.9526345262563,239.13315719802654,92.81778180537748,150.63199958610812,72.75410187381209,256.603075135853,73.38828767538084,93.11243325828433,94.81027681948468,142.22641542108946,172.63576235793366,64.21140491067406,136.4967155998722,90.12102585167054,178.05472551735906,101.93599606016609,165.32690147072682,236.57297655504894,124.61392445217098,111.9666043100106,69.21646796762577,208.37882575519112,137.25600658386006,150.9727737960369,70.18327021921067,236.65945112092126,109.87890732147818,137.95490344311125,164.6395408241191,92.8213435369465,180.95628881933214,89.51637483216803,77.52220875238396,48.05132260391276,133.55134273034247,135.56601737922205,90.53699666389164,117.1693173488873,159.67720242270053,113.2315364637371,99.80391531426127,161.85108483089326,154.04408265205643,131.2610747557827
0.011594079369625986,0.06780582619485476,0.06723943712979151,723.2606793762262,527.6335430263663,569.8448018624496,394.2484942581525,643.4941444275065,492.66836949621705,649.0913012466009,918.3845893492957,363.51820080504035,576.7039307624296,283.4083932894817,1008.6443449890147,287.91385901359365,366.6040840634433,373.8917009625265,558.6336335183289,681.4512486984977,256.9780786217836,525.3419906820508,345.4921223584382,700.2310691383269,399.6935198069016,657.0059395742434,929.8766253427362,480.404744253438,429.3285769240947,269.46832673681666,820.0827477866537,534.6596546064304,584.9965603257704,274.25635506393286,919.4376555080695,426.26525887796305,537.0500743468698,650.3269012518475,365.1895119331178,713.0956379530509,350.17031912935323,310.3979152315835,188.8586651800022,519.8549665852358,526.2861722202399,347.27862462723965,453.2982333166185,626.7798739303876,441.83390374233414,385.9956455841878,631.1610519370698,608.1107980917458,516.4549392618331
0.0632662180445344,-0.054535917411583645,0.020270683818403107,2830.896992633588,2063.899152463904,2233.91110635739,1538.34237020631,2519.0661702675857,1925.8865222094657,2522.1833626911875,3600.4484758769436,1421.7748381805566,2259.508184368103,1101.6655509134876,3923.1064459386616,1122.5946381844458,1427.5323340972377,1453.145497522955,2176.6303504980606,2660.1929197522563,993.6427495769358,2060.5995329773355,1359.0965706741545,2731.1182204482093,1550.8192595854566,2554.7558024483565,3617.315756720356,1876.980595336608,1685.4616682408455,1049.3454937581096,3194.0310643037506,2082.740507854744,2288.9280498959743,1069.4615255081233,3599.6093708207936,1660.4144691065783,2110.0401071473107,2530.6022716969633,1422.4814038042673,2772.0841244105964,1367.546215947766,1204.6269791750087,735.7338318441043,2028.562214074095,2061.9022914776556,1359.0337104673183,1775.0296623675392,2452.6978447753886,1716.1403658916026,1508.6706878378334,2464.4854492856607,2372.9626193919325,2009.053578043148
-0.034417744256154494,0.05077581832554656,0.11819432973687288,11045.420533197803,8042.932989338005,8715.786505872968,6004.733055322987,9823.98697601783,7516.961648798356,9855.640335389364,14032.088582512843,5546.3975874004445,8804.203188053703,4312.448157211922,15337.586011063626,4377.202175371929,5570.02103546385,5676.370012473276,8503.817194787573,10372.318298617103,3888.915993812026,8033.003855452148,5287.588327423556,10672.748234065844,6068.2294283914725,9983.290417737524,14132.993179568672,7332.722744536941,6571.799012769357,4098.479014710856,12468.165753820616,8134.970832690016,8924.591244453171,4179.780201564955,14039.595681376395,6482.405558051912,8223.32321734415,9884.885922328158,5553.9767298934075,10836.296921860469,5342.076471827876,4702.088968874251,2872.596580287164,7931.066732566295,8031.272194042207,5297.558787478192,6924.343470007419,9561.038213884505,6706.0549527557,5884.848878157845,9624.663892608929,9271.742437192415,7838.859386721179
0.011433151634255774,0.01654849459598424,-0.03046860279407996,43100.14595391126,31409.339886828086,34024.08455246371,23426.23951778866,38348.027516219016,29329.25157928275,38464.53909438972,54792.35529610497,21652.373934808875,34383.21591832993,16818.037390072936,59839.217456484366,17083.96761545348,21742.185407375484,22161.762046999975,33198.73475471029,40511.78488373536,15168.921108415554,31354.372848137773,20656.007753829923,41648.959756269964,23672.82330705611,38963.01536624809,55143.938095830876,28614.074351378094,25646.334763311468,15994.936999524914,48681.80163767353,31744.916861042904,34841.65977111308,16300.937212219147,54827.79149857294,25297.628090178565,32113.255845690102,38586.77421648151,21676.305297273153,42277.80609580151,20844.43812682801,18360.46952119987,11212.878076347604,30945.777510791664,31362.379459609405,20694.885359590142,27041.807310095377,37330.723057340234,26161.38983060358,22975.389452987987,37551.04847989091,36185.20483574818,30603.6453347932
-0.034134192769878675,0.03058304626813454,-0.031825236664871685,168263.9515433859,122586.75919648926,132785.88532211847,91451.01964274218,149702.7085820586,114508.88407654052,150156.93277701363,213855.69875371997,84506.303099659,134170.83937213977,65651.79700163503,233615.69736052825,66681.36812862635,84862.22137470923,86489.30306194416,129581.4068872274,158107.41433202854,59207.884118898386,122398.64854399141,80612.111940467,162573.47926080992,92403.39912877048,152092.12864714419,215265.99344503932,111689.0144059418,100108.44126661196,62423.19744312696,190014.21312672136,123908.1823498667,135985.85781645007,63652.91211216285,213989.4346745782,98746.34666114608,125335.3413054191,150601.99364996416,84600.29112082618,165045.48397035652,81371.25762909644,71656.54438893103,43764.80598897365,120801.55000215945,122395.97506357393,80750.6152830894,105533.33483139801,145703.52128926473,102129.19997978609,89677.58681394711,146618.02716362244,141248.01382949352,119455.13334669672
-0.055213603091223196,0.016122169588113217,0.06211986581571182,656750.9845796824,478499.00302051235,518323.271623769,356927.5009325494,584311.4588486858,446923.57410851354,586070.1830473874,834795.3667717099,329851.5406363726,523774.7077426199,256260.0945615072,911823.3182328126,260270.8969306193,331222.0922090052,337598.5471205489,505800.4364201193,617151.3027161788,231108.67004098187,477742.0516048674,314673.956648409,634580.800896553,360686.7414589301,593626.0160742267,840236.2437037374,435966.0452584037,390747.3288887398,243683.60186129133,741688.6779480268,483650.74184918136,530819.5875584709,248426.9387316464,835279.7392993347,385427.13304778666,489223.25963837415,587868.2878105626,330228.28372509306,644205.8692949546,317600.8899827284,279696.9831785178,170824.76768076586,471530.4067309273,477764.2439179933,315249.57400840457,411969.47780388047,568707.221386302,398642.27840065997,350042.0951418055,572253.3954174073,551301.1559517416,466247.9776723977
0.08366698786727178,0.008212970715648405,0.018828531343740004,2563518.221058636,1867719.3017203175,2023098.2137433246,1393244.8447320908,2280775.0042139585,1744504.032546911,2287671.3168958165,3258388.923121753,1287519.2382907101,2044341.6161016314,1000245.1676323274,3559213.346647982,1015946.2218299481,1292895.0078157245,1317755.8521576968,1974302.14142993,2408956.316171587,902098.9056736638,1864761.148856536,1228245.2813062093,2476949.202265664,1407857.2871297072,2317142.5026311055,3279734.836849808,1701660.9471962734,1525159.1682633322,951144.9033288901,2895075.7877708604,1887829.7251435344,2071907.7081801065,969710.3673839573,3260304.862023911,1504443.0812438643,1909564.9758289827,2294617.570022437,1288955.8805046494,2514529.7492040154,1239678.100365203,1091771.79848885,666786.085008831,1840494.9245253499,1864856.2689637055,1230447.1201408969,1607990.2960924357,2219850.4681373453,1556019.641429634,1366297.0791834474,2233734.2319859155,2151900.7212283765,1819951.9811072664
-0.05874256549599795,0.03616313657572812,-0.01625942577237922,10006184.137703175,7290281.304824073,7896798.768367804,5438181.529499411,8902555.050278854,6809285.489065399,8929335.71379892,12718624.346877502,5025567.9877979085,7979809.657656666,3904260.2653172645,13892519.217291351,3965528.9806473446,5046501.513743171,5143553.022953051,7706236.270565595,9402832.01579002,3521107.0479685282,7278740.352315584,4794259.3043047,9668257.021334186,5495274.011427639,9044402.647163536,12801726.483266264,6642131.679385578,5953227.101971338,3712635.559797409,11300280.003586328,7368752.533858573,8087353.215708539,3785042.1302691796,12725921.348681599,5872279.916278776,7453632.814250916,8956546.457921837,5031160.108714445,9814923.892690126,4838833.983702866,4261466.326846948,2602648.842406922,7184023.113257701,7279099.360357758,4802889.022368824,6276517.092176895,8664703.283482727,6073606.672893394,5333099.951090557,8718910.39459236,8399443.786203671,7103729.241956211
-0.04431139135446211,0.03418193411451681,-0.025994574274251156,39057025.89015004,28456049.3162668,30823451.391909886,21226906.246972386,34749259.807851285,26578614.711763475,34853935.5562033,49644353.6432526,19616286.04864064,31147379.079731334,15239493.237464296,54226796.742233954,15478660.770512963,19698039.04312184,20076850.07153969,30079751.57398714,36702077.29444908,13744026.831398886,28410985.59603954,18713307.938799493,37738122.71825959,21449714.625316054,35303071.06316553,49969067.13461844,25926141.082571484,23237097.258969948,14491511.017955113,44108417.81559759,28762450.80446805,31567238.014807537,14774169.908074314,49672926.791354366,22921250.05452499,29093660.191815086,34960120.31126977,19638115.980252415,38310604.9979894,18887387.424008947,16633855.387317266,10158938.894274011,28041329.013658307,28412464.82655074,18746996.254050072,24499031.317440175,33820880.63016708,23707111.777246643,20816594.243921734,34032501.62254516,32785551.351077378,27728006.408919554
-0.03669464755699474,0.04527473665514378,-0.004195872351162223,152451151.432394,111072451.6631183,120313102.29099454,82854829.1847891,135636680.3728494,103744148.19362473,136045019.40738955,193776788.48806816,76568221.47747758,121577586.66173863,59484175.07915604,211662892.46291298,60417819.94026599,76887231.97983931,78365828.89829546,117410069.45626903,143259082.5879021,53646868.26577431,110896525.09296882,73043715.11279923,147302943.5632419,83724462.7685625,137798185.4557499,195043806.7861447,101197375.43467106,90701346.19196528,56564656.34790572,172168104.30687514,112268253.37392287,123216377.26285613,57667880.21781918,193888160.82603863,89468352.41365898,113561292.01496172,136459578.99078748,76653312.35150976,149537433.63738394,73723030.45920047,64926775.59010084,39653303.117880024,109453553.20898032,110902326.63948402,73175165.58165666,95627008.13398232,132012943.94851986,92535753.47934206,81253358.95448707,132838865.50145388,127971601.76939738,108230504.99522084
-0.008063286639637903,0.03539692879374225,0.03148934569740345,595061778.0300308,433548334.1084069,469617443.83852655,323406906.06622773,529429911.9114317,404944009.5966055,531023933.21529895,756367678.4459335,298868298.85037994,474552887.94561124,232184397.52204147,826183004.9412546,235828526.24886477,300113556.9049185,305884943.7214038,458286147.1919458,559182277.7706469,209399663.66156787,432861752.2823462,285110907.4726095,574966955.6511097,326801390.95239764,537867090.4548104,761313728.863333,395003235.99744517,354034073.347515,220788506.10582516,672022853.0407836,438216202.82694227,480949695.5575539,225094854.90206215,756802434.7258233,349221428.6473892,443263062.0310174,532642016.8146856,299200477.27412754,583688889.175067,287762793.07344764,253428399.72088805,154778581.17340636,427229584.5580451,432884332.3394063,285624061.6729171,373260288.81961715,515285316.7606737,361194436.7924461,317155746.19495,518509377.2103891,499511026.81177974,422455560.69789106
0.065827311949393,-0.06454917761343303,-0.05812494017021172,2322701361.5798163,1692267126.8972661,1833055502.1613967,1262352341.0227482,2066520960.2589006,1580615648.2618842,2072742764.8327396,2952326282.060634,1166571176.5119784,1852320190.3110065,906284022.3523525,3224835338.323353,920508279.8794268,1171431658.0580688,1193959166.62793,1788825940.6219304,2182653570.966863,817348542.0604798,1689586993.639989,1112872162.917686,2244265473.1586876,1275602051.214027,2099453715.2630277,2971631616.350856,1541814038.0476513,1381899346.6041214,861802696.5376645,2623103385.6585035,1710486900.1222656,1877288613.6682305,878611364.9234078,2954023298.3212028,1363114060.037092,1730186643.0316913,2079058896.0948436,1167867708.2966402,2278309577.7809377,1123222957.278021,989205788.9117734,604146418.4702556,1667602929.5981002,1689675340.5394473,1114875194.3238752,1456945160.470068,2011310651.4332745,1409848179.2103293,1237952417.7404544,2023894665.851679,1949738718.9462512,1648968536.1193748
0.012624450666556992,0.025338036606454208,0.01594732958515052,9066188465.616474,6605417278.082876,7154955790.971076,4927333609.71003,8066240702.255499,6169609172.303992,8090526412.982076,11523799401.690348,4553471157.528913,7230151094.612308,3537493792.004973,12587483697.12926,3593015165.238518,4572443201.285268,4660374534.402517,6982315042.9156475,8519540106.257751,3190352350.8941627,6594956237.90783,4343867835.448365,8760029845.014418,4979050895.01758,8194787040.790344,11599154535.189547,6018154694.921378,5393960551.0202055,3363869785.062979,10238745784.070555,6676534698.877031,7327610611.642584,3429479495.9981565,11530423573.132034,5320636122.864045,6753428398.426567,8115179632.050746,4558531854.33117,8892914175.137285,4384270451.741959,3861161782.559642,2358161600.700164,6509145934.418424,6595300762.821896,4351686057.853025,5686886156.894792,7850738384.872888,5503053172.350506,4832093160.654826,7899858025.925224,7610405278.864328,6436410431.578393
0.04842104902349972,-0.016753883609897727,-0.03759707687783428,35388005998.99116,25782891108.455353,27927902245.487514,19232835140.52712,31484915187.34927,24081803028.360783,31579709158.05788,44980787092.180626,17773540297.432465,28221412223.55748,13807881171.359463,49132658823.34795,14024597264.058481,17847593478.373806,18190815725.870625,27254034034.12895,33254276710.090546,12452885651.5451,25742058347.154068,16955397092.429115,34192979027.173336,19434703549.84999,31986669271.298122,45274919210.43813,23490632215.10157,21054218326.01006,13130175737.67258,39964843132.83398,26060483118.612446,28601824826.34911,13386269116.440063,45006642814.6315,20768011201.805256,26360622189.508354,31675938685.460903,17793293843.27539,34711665512.182205,17113100032.354136,15071252594.212006,9204599873.73727,25407115677.369587,25743403299.18125,16985914343.511587,22197593757.8735,30643746217.25043,21480038762.7374,18861084294.663647,30835474235.56778,29705655140.232597,25123207033.585087
-0.06590516522295614,0.08160647750095337,-0.009111215938024593,138129820145.3785,100638224721.35532,109010834997.05844,75071426149.32062,122894906111.96019,93998377069.79796,123264915791.55397,175573271399.95178,69375367498.1661,110156490231.8196,53896230765.47699,191779253476.8913,54742137807.95575,69664419379.974,71004116698.18564,106380529811.67896,129801245817.75487,48607284188.9377,100478842524.06331,66181912895.143,133465277513.5373,75859377417.54301,124853400761.5977,176721357680.71194,91690862229.4288,82180820442.81042,51250946372.52494,155994565192.72745,101721748466.33829,111641353574.41931,52250555139.48699,175674194879.49063,81063670349.65631,102893279316.50374,123640527001.09785,69452471293.5135,135489863987.89949,66797474428.05892,58827542377.43929,35928266991.013176,99171462408.80511,100484092214.53334,66301030271.522865,86643751796.12924,119611575625.58649,83842923822.52473,73620372045.0278,120359947067.72484,115949929816.4052,98063284206.34343
0.032331129722989266,-0.08139894304907974,0.0013667347237350112,539161409816.56384,392820660360.04675,425501426809.9023,293025906839.82513,479695048935.7561,366903376813.5777,481139304204.1221,685314240509.1152,270792511613.48083,429973258159.1551,210372877535.77032,748570962043.7714,213674701994.59897,271920765620.08118,277149999474.994,415234569025.0462,506652528342.44995,189728559137.881,392198544623.1933,258327517843.3033,520954324209.7141,296101513627.8474,487339629529.23737,689795556471.9521,357896466850.1928,320775970454.9439,200047553158.3477,608892775420.0592,397049972141.72516,435769116627.85205,203949320040.83405,685708172892.6365,316415403250.81903,401622803341.03613,482605426473.18097,271093470377.3453,528856881821.7097,260730234978.17593,229621239899.81326,140238617681.61737,387095454440.83203,392219035460.5317,258792468389.58133,338196107241.0133,466879241705.53375,327263648914.2932,287362016375.7278,469800355927.9482,452586758062.96106,382769907043.6843
-0.02522605738082446,-0.06964229073776448,-0.020987175800892873,2104505930063.904,1533294842331.589,1660857507974.7288,1143766501173.2222,1872391192635.65,1432132045066.3362,1878028548770.1475,2674983513061.746,1056983003860.2161,1678312382873.4895,821147360591.6888,2921893151144.0195,834035354618.2616,1061386912739.9545,1081798153923.0156,1620782937222.5913,1977614182434.1375,740566500691.111,1530866541323.068,1008328457181.1925,2033438308640.3008,1155771500900.9963,1902230245994.4924,2692475414939.1904,1396975419615.1602,1252083178104.1284,780844575015.4224,2376688008766.3403,1549803094611.6785,1700935328248.3582,796074322277.7609,2676521148545.427,1235062600367.4456,1567652201014.7356,1883751255345.494,1058157734973.3395,2064284321056.914,1017706971896.7528,896279394054.1224,547392668344.3341,1510947676635.2568,1530946523441.6614,1010143296315.4253,1320079107887.3455,1822367318785.0383,1277406501713.373,1121658665217.252,1833769289818.2695,1766579542642.2773,1494063790955.6846
0.024306452156197568,-0.009697507000385831,-0.018192786141712602,8214507066516.709,5984901795839.752,6482816485442.042,4464457842323.975,7308494817848.13,5590033572643.884,7330499077930.297,10441249256308.615,4125716269752.582,6550948010109.488,3205180226664.533,11405010356810.707,3255485868204.8735,4142906023200.448,4222577115005.5654,6326393619834.548,7719211167745.359,2890649374208.383,5975423420265.086,3935803232087.2114,7937109187440.304,4511316895254.115,7424965437369.266,10509525300059.008,5452806899575.04,4887249766819.186,3047866574448.977,9276913959856.627,6049338368609.28,6639252034124.772,3107312766262.3174,10447251098738.633,4820813432567.342,6119008695698.719,7352836490168.91,4130301590535.0312,8057510266601.855,3972410337055.651,3498442702903.939,2136634958811.7585,5897674217958.431,5975735614649.665,3942887083918.276,5152657926683.493,7113236890984.421,4986094162293.889,4378164442899.4443,7157742143657.066,6895480751850.315,5831771434353.065
-6.167950797408436e-05,-0.04570398342818252,-0.1133466784217238,32063642767607.156,23360836092188.047,25304343914449.195,17426095109462.377,28527209862618.465,21819549010632.824,28613098978740.758,40755273987426.234,16103886886350.07,25570281338274.656,12510763332551.996,44517117693964.54,12707121080460.375,16170983562949.479,16481963321136.27,24693779357654.445,30130356855948.645,11283056689962.535,23323839199676.16,15362600310424.242,30980877067848.45,17608999807105.75,28981829028680.402,41021775521575.85,21283912849574.164,19076376630224.934,11896721769086.166,36210530075804.32,23612351035669.402,25914957978887.66,12128757783299.781,40778700948045.01,18817056033307.84,23884294857946.074,28700288482128.88,16121784745540.613,31450837975899.95,15505488636802.803,13655453232195.275,8339916137641.784,23020361143515.824,23325057785368.816,15390250672608.664,20112342920521.598,27765060609415.684,19462195447864.45,17089266529107.76,27938777734814.332,26915094205282.05,22763123150297.95
0.04714111326803774,-0.05323217978127625,-0.0074207499239710515,125153850275731.14,91184230186027.7,98770314174469.5,68019186528083.51,111350110087104.36,85168132320672.27,111685360624949.2,159079849279262.94,62858218042020.72,99808346343396.95,48833197534341.14,173763434267876.78,49599639713708.91,63120116149127.36,64333961825350.555,96387100707923.14,117607665423363.3,44041096573245.72,91039820404882.16,59964758002714.11,120927496544988.0,68733117485555.72,113124622715013.95,160120083324490.78,83077386478249.75,74460721819498.53,46436412291935.3,141340373969583.16,92165967154803.44,101153720881120.16,47342117256349.19,159171291610948.12,73448517078583.64,93227444068106.38,112025686965365.12,62928078662089.9,122761892514132.11,60522493260379.805,53301259675530.11,32553151342676.465,89855256084009.67,91044576907091.31,60072685518872.39,78504403662416.62,108375216867677.69,75966686404071.36,66704445283139.34,109053286015685.31,105057547413783.75,88851180360566.45
0.0015694151586720644,-0.047904751801045455,-0.011988847075541507,488512373741849.0,355918932076037.5,385529654305297.06,265498937491680.28,434632306358265.44,332436328532051.6,435940888044757.2,620935549431797.2,245354156000883.28,389581399872458.7,190610366299660.12,678249910469543.9,193602016077263.03,246376421524707.3,251114419045417.72,376227269564243.2,459057389596799.0,171905383508600.28,355355258130647.3,234060128453556.12,472015669174048.94,268285620485782.38,441558752284573.4,624995889590141.9,324275531139577.9,290642148732095.4,181255006908238.66,551693147601450.0,359750940891495.7,394832793323891.8,184790240398464.0,621292475813453.6,286691215226533.94,363894198210189.06,437269282075038.1,245626842595221.75,479175857434735.0,236237133593782.03,208050530048439.2,127064546557128.62,350731554369361.75,355373824158395.6,234481401364004.9,306425831062572.9,423020421104360.06,296520372475494.6,260367114812591.3,425667124894061.56,410070579160236.44,346812350815399.1
-0.071970274827978,0.039595650992788084,0.02050732903269159,1906807811115420.8,1389256518950841.0,1504835897236303.5,1036320623716571.1,1696498023948363.2,1297596994497005.8,1701605804041310.0,2423694505002066.5,957689602762159.2,1520651054671539.2,744008452757018.6,2647409352726095.5,755685743794018.5,961679806466830.9,980173607584195.6,1468525947183560.2,1791836324493595.5,670997390578789.2,1387056333364677.5,913605683702259.5,1842416309861832.8,1047197868980148.2,1723533984352782.2,2439543209633664.5,1265742996430550.2,1134461989569588.5,707491727039527.1,2153420997564273.2,1404213979052589.0,1541148791446720.2,721290785551137.0,2425087693886532.0,1119040331332694.2,1420386333830649.5,1706790917570555.0,958753978930354.5,1870364635506783.8,922103176552971.5,812082553331932.4,495970384608980.5,1369008654490259.0,1387128802046556.2,915250036070229.1,1196070354834046.0,1651173412549711.5,1157406429770145.5,1016289606917468.6,1661504277698681.8,1600626361747295.0,1353710847606608.5
-0.017341530891760687,-0.025620918968385798,-0.01654713552297276,7442833025267006.0,5422677754689674.0,5873818141634024.0,4045064907966943.0,6621931925355992.0,5064903608973342.0,6641869096876807.0,9460394172811874.0,3738144852271206.0,5935549363495423.0,2904084329305765.5,1.0333619176010914e+16,2949664238760298.0,3753719793673586.0,3825906551515396.5,5732089702198662.0,6994065418693010.0,2619100629526573.0,5414089781721332.0,3566072319965309.0,7191494012872110.0,4087522002900560.5,6727461249189792.0,9522256339313640.0,4940568063758702.0,4428139591542962.0,2761548783473353.0,8405436995042562.0,5481061131023950.0,6015558072996797.0,2815410576901278.5,9465832199763232.0,4367944313055391.0,5544186599422936.0,6662108123571870.0,3742299426239788.0,7300584567203007.0,3599240539683918.5,3169797612511755.5,1935918626201905.0,5343644370509970.0,5414372648350232.0,3572490712017838.0,4668615203687421.0,6445016605098166.0,4517698505815028.0,3966877944120697.0,6485341017382258.0,6247716564245603.0,5283932520367510.0
0.03036886250651795,-0.015788675421151987,0.019309394945575306,2.905157148984005e+16,2.1166309914783028e+16,2.2927243843947444e+16,1.5789080845398502e+16,2.5847352490274612e+16,1.97698119500569e+16,2.592517314829872e+16,3.692670743797006e+16,1.4591081386141948e+16,2.3168199001625424e+16,1.1335497278914076e+16,4.0335162057413784e+16,1.151340910274837e+16,1.4651874974012484e+16,1.4933641170966164e+16,2.2374035962411344e+16,2.7299899221972176e+16,1.0223121883747952e+16,2.1132788524498964e+16,1.3919431564541408e+16,2.807052122819357e+16,1.5954803403540824e+16,2.6259264551864508e+16,3.716817371112105e+16,1.9284493662223028e+16,1.728433426815472e+16,1.0779139023195482e+16,3.2808898565339204e+16,2.139419744437457e+16,2.3480496581847624e+16,1.098937748171509e+16,3.694793366030718e+16,1.7049374350270584e+16,2.1640594757322148e+16,2.6004172036090532e+16,1.4607297913133144e+16,2.8496333822297852e+16,1.4048896904280272e+16,1.2372654557144236e+16,7556461118590177.0,2.0857819316804156e+16,2.113389263634064e+16,1.3944484440906468e+16,1.8222981476021484e+16,2.515679983959986e+16,1.7633909113052024e+16,1.5483894075536428e+16,2.5314197908617308e+16,2.438667961489732e+16,2.0624746362269468e+16
0.05472585006863073,-0.04606507692155312,-0.0382186303635894,1.1339684810394093e+17,8.26183475536474e+16,8.949179181315451e+16,6.162943725619446e+16,1.00889836725483e+17,7.71674043012886e+16,1.0119359369578104e+17,1.4413582534719843e+17,5.695329218920667e+16,9.04323108285897e+16,4.424578765280971e+16,1.5744002856001728e+17,4.49402299507101e+16,5.719058748499609e+16,5.829040401808346e+16,8.733245836251254e+16,1.065595548388664e+17,3.990385855048651e+16,8.248750368506573e+16,5.433164492904986e+16,1.095675197131938e+17,6.227630125663337e+16,1.0249765093606046e+17,1.4507833939708912e+17,7.527306394909477e+16,6.746585217494231e+16,4.207415736294731e+16,1.2806280336238958e+17,8.350785976428923e+16,9.165130035143006e+16,4.289478004613622e+16,1.4421867755062054e+17,6.654873434785444e+16,8.446962111611678e+16,1.0150194964416598e+17,5.701659007478968e+16,1.1122959180011997e+17,5.483698631724053e+16,4.829411826998875e+16,2.9495095436332136e+16,8.141421780485608e+16,8.249181335908078e+16,5.442943369124227e+16,7.112966894612399e+16,9.819440615079696e+16,6.883034585138063e+16,6.043820332249293e+16,9.880877721609285e+16,9.518839987769803e+16,8.05044653520005e+16
0.060351772656241726,0.07883291573917446,-0.14266947391890475,4.426213282267934e+17,3.224837668907829e+17,3.493128461686012e+17,2.4055786234199946e+17,3.938027756740288e+17,3.012071284057352e+17,3.949884286784615e+17,5.626046184438025e+17,2.2230548958970586e+17,3.5298396915657344e+17,1.727043531348848e+17,6.145348457429555e+17,1.754149661493964e+17,2.232317230852448e+17,2.275246312464605e+17,3.4088433112615034e+17,4.159333569377877e+17,1.557565238215333e+17,3.2197304469813094e+17,2.1207242745586106e+17,4.276743306085085e+17,2.4308276323513946e+17,4.000785485312428e+17,5.6628352863928723e+17,2.93812959548133e+17,2.6333911038034387e+17,1.6422783990381894e+17,4.99866875212884e+17,3.2595579528246483e+17,3.5774204462968557e+17,1.6743097216081315e+17,5.629280150190673e+17,2.5975932912931306e+17,3.297098333717524e+17,3.961920328502302e+17,2.2255255989772787e+17,4.3416188795267923e+17,2.1404492387163e+17,1.885061810061038e+17,1.1512805282064112e+17,3.1778369349648576e+17,3.219898666263375e+17,2.1245412582341677e+17,2.7764006735363472e+17,3.832817155117881e+17,2.6866513146045002e+17,2.359081251158199e+17,3.8567978689991814e+17,3.715483868390123e+17,3.1423266147245485e+17
0.05682022685853986,-0.05803706896242077,0.020860832427610807,1.7276815315155443e+18,1.2587492123408863e+18,1.3634710181371528e+18,9.389682546345537e+17,1.5371283288973473e+18,1.175700219851999e+18,1.5417562821113654e+18,2.1960116850325732e+18,8.677238628723616e+17,1.3778004934284454e+18,6.741160045740022e+17,2.398710671526599e+18,6.846963262747457e+17,8.71339225264712e+17,8.880957113932326e+17,1.330572039149261e+18,1.6235105117990643e+18,6.079636304413437e+17,1.2567557130589952e+18,8.277812045952859e+17,1.6693389933460237e+18,9.488236871765336e+17,1.5616245204949e+18,2.2103715560906473e+18,1.146838598955025e+18,1.0278901817779698e+18,6.410296745057235e+17,1.9511277777359572e+18,1.2723015627286497e+18,1.3963726647094838e+18,6.535324440075885e+17,2.1972739972051167e+18,1.0139172402140438e+18,1.2869546801042386e+18,1.546454304023535e+18,8.686882511224e+17,1.6946618422315095e+18,8.354804396099622e+17,7.357951972298545e+17,4.493787306057081e+17,1.2404034402728988e+18,1.2568213740039734e+18,8.292710858508394e+17,1.0837110328533704e+18,1.4960615294118927e+18,1.0486792121969064e+18,9.2081895947006e+17,1.5054219090057761e+18,1.4502628885457802e+18,1.226542715417381e+18
-0.042636820612634976,0.044590078830630334,-0.0703228223226281,6.743650348476768e+18,4.913269262652413e+18,5.322029343297382e+18,3.665069911362833e+18,5.999865022420577e+18,4.589104561622604e+18,6.017929288163457e+18,8.571681004217487e+18,3.386982047037182e+18,5.377961509775401e+18,2.6312734993302917e+18,9.362874905391454e+18,2.6725716140711834e+18,3.4010938722852065e+18,3.466499377558367e+18,5.193614929489477e+18,6.337040148276337e+18,2.3730612809702656e+18,4.905488047259503e+18,3.2310740764443996e+18,6.51592222226779e+18,3.7035385700153677e+18,6.095480879851327e+18,8.627731814333902e+18,4.4764491466812447e+18,4.01215840772593e+18,2.502127799023495e+18,7.615826920780769e+18,4.966168081530712e+18,5.450454169473734e+18,2.550929794281323e+18,8.576608180764148e+18,3.957617897494157e+18,5.023363518475376e+18,6.036267052692016e+18,3.3907463386845686e+18,6.614764766796922e+18,3.2611264604876923e+18,2.872025571665377e+18,1.7540576651235471e+18,4.841660305826378e+18,4.905744341285029e+18,3.2368895222108554e+18,4.2300436457979873e+18,5.839569197287839e+18,4.093304122182989e+18,3.5942278618138184e+18,5.876105518339253e+18,5.66080360027085e+18,4.787557810489699e+18
-0.1093301578433555,-0.06262187371789156,0.0221052277243279,2.6322455379040956e+19,1.9177938393646637e+19,2.077344949334957e+19,1.4305848348840514e+19,2.3419241979028038e+19,1.7912627999811641e+19,2.348975213367743e+19,3.3457797942897607e+19,1.3220389432391993e+19,2.0991769228254376e+19,1.0270636183238525e+19,3.6546060987930337e+19,1.0431834900006388e+19,1.3275472046586569e+19,1.3530769015606477e+19,2.0272210178911023e+19,2.4735335896510747e+19,9.262757772454654e+18,1.914756601601876e+19,1.2611834660555e+19,2.543356536681746e+19,1.4456002864354685e+19,2.3792458858713743e+19,3.3676580778900226e+19,1.7472900703797311e+19,1.566063707393493e+19,9.76654244200699e+18,2.9726817663675507e+19,1.938441807862066e+19,2.1274729450331873e+19,9.957031016621947e+18,3.3477030165520753e+19,1.5447749383627868e+19,1.9607668730576585e+19,2.3561329834716262e+19,1.3235082572427696e+19,2.5819376957495026e+19,1.2729137975100748e+19,1.1210362496730354e+19,6.846604173792659e+18,1.8898427524400804e+19,1.914856640715739e+19,1.2634534059810046e+19,1.6511107392016976e+19,2.2793560117355553e+19,1.597737271970861e+19,1.402933094478566e+19,2.2936172149547885e+19,2.209578529101838e+19,1.868724953535874e+19
-0.031300230475491915,0.06922242061645255,-0.04289441842803928,1.0274430336354918e+20,7.485714732270848e+19,8.108489751117747e+19,5.583994355619835e+19,9.141220557841786e+19,6.991826783440845e+19,9.168742749883462e+19,1.3059564893245365e+20,5.160307740544201e+19,8.193706379849019e+19,4.0089320868885864e+19,1.4265005003585217e+20,4.071852698278814e+19,5.181808108733138e+19,5.281458042050767e+19,7.912841269854023e+19,9.65493081308049e+19,3.615527430294109e+19,7.473859497886609e+19,4.922770872533251e+19,9.927470359568558e+19,5.6426040896710164e+19,9.286898108642597e+19,1.3144962283987573e+20,6.820188256379648e+19,6.11280833501575e+19,3.812169438697351e+19,1.1603253298708288e+20,7.566309840462278e+19,8.304154096364452e+19,3.886522745088021e+19,1.3067071796712725e+20,6.029711993430945e+19,7.653451151485016e+19,9.196681636752879e+19,5.166042906262795e+19,1.00780639973692e+20,4.9685578143731515e+19,4.375734970744901e+19,2.6724314510659625e+19,7.376613399854606e+19,7.474249980040154e+19,4.931631117254528e+19,6.444771972542869e+19,8.896998481751065e+19,6.2364395951197405e+19,5.4760614609168155e+19,8.95266416220474e+19,8.624636396207476e+19,7.2941844050765545e+19
0.028325852240473855,0.060619243672638594,-0.0060495015673753885,4.010413056703847e+20,2.9218951434060608e+20,3.164982593046472e+20,2.179597616531526e+20,3.5680878724400683e+20,2.7291161168620742e+20,3.578830595364814e+20,5.097533181710518e+20,2.0142202401296715e+20,3.198245155478075e+20,1.56480437925679e+20,5.568051993880168e+20,1.5893641488200997e+20,2.0226124676776817e+20,2.0615087743918955e+20,3.0886152229736055e+20,3.768604129548963e+20,1.4112469439805966e+20,2.9172676959264086e+20,1.9215025978143677e+20,3.874984349174031e+20,2.2024747235821322e+20,3.6249501151799896e+20,5.130866300883969e+20,2.6621205397424328e+20,2.386009302445907e+20,1.4880021169857983e+20,4.5290918334155175e+20,2.9533537901257445e+20,3.2413561552995765e+20,1.51702440445055e+20,5.100463347441889e+20,2.353574350594917e+20,2.987367612796506e+20,3.58973596656524e+20,2.0164588443857954e+20,3.933765485599205e+20,1.9393745910412385e+20,1.7079783583969195e+20,1.0431287802476098e+20,2.879309676990694e+20,2.917420112622588e+20,1.9249610125344584e+20,2.5155844966616832e+20,3.4727607963272505e+20,2.4342662279888657e+20,2.137468225801877e+20,3.494488752466271e+20,3.366449844940471e+20,2.8471352102721683e+20
0.09759183567483194,-0.051131078016174586,-0.15407513426102148,1.5653824454355722e+21,1.1405018137085786e+21,1.2353860116683662e+21,8.507612055891079e+20,1.392729886003287e+21,1.0652544764060859e+21,1.396923087462789e+21,1.9897174791848995e+21,7.862095401543197e+20,1.2483693703858922e+21,6.107892806040637e+20,2.1733748427540595e+21,6.20375682701494e+20,7.894852739742551e+20,8.046676491714751e+20,1.2055775757726382e+21,1.4709972924935032e+21,5.508512866496385e+20,1.138695584537318e+21,7.500191109864475e+20,1.5125206283664244e+21,8.596908149019211e+20,1.4149248956780081e+21,2.0027283782788236e+21,1.03910412758613e+21,9.313297717429147e+20,5.808110934625223e+20,1.767838062950385e+21,1.1527810509432154e+21,1.2651968645545903e+21,5.921393478546138e+20,1.9908612092529124e+21,9.186694538334626e+20,1.1660576486796917e+21,1.4011797753392582e+21,7.870833333908932e+20,1.5354646388166463e+21,7.569950768200717e+20,6.666743055180117e+20,4.0716391499839767e+20,1.1238794507213377e+21,1.1387550772671733e+21,7.51369032207858e+20,9.819067900004781e+20,1.3555209178965575e+21,9.501658724257019e+20,8.343168623873904e+20,1.3640019797309137e+21,1.3140246194591097e+21,1.1113208078383459e+21
0.03402919858147759,0.020047559134840034,-0.04764934892302771,6.110149168753833e+21,4.4517148057417155e+21,4.822075802814574e+21,3.320771794966603e+21,5.43623533027019e+21,4.1580022648796443e+21,5.452602631747793e+21,7.766453902013532e+21,3.0688076145529795e+21,4.872753679461805e+21,2.3840906265741513e+21,8.483322735326261e+21,2.421509180089778e+21,3.081593769358343e+21,3.1408550556091873e+21,4.7057246898062413e+21,5.741736091506619e+21,2.1501349660866605e+21,4.4446645607989935e+21,2.927545700353227e+21,5.90381391274935e+21,3.3556266926173816e+21,5.522868996253802e+21,7.817239276868914e+21,4.0559297441542586e+21,3.6352546607658235e+21,2.2670769244097143e+21,6.900393129055478e+21,4.499644288661955e+21,4.938436350049357e+21,2.311294440940003e+21,7.770918217647532e+21,3.58583770762689e+21,4.5514667636487865e+21,5.469217739427001e+21,3.0722182871548607e+21,5.993371149569707e+21,2.95477495155881e+21,2.6022263540568576e+21,1.5892807946250916e+21,4.386832822629305e+21,4.444896778462436e+21,2.9328148408453384e+21,3.832671673436174e+21,5.290997758320633e+21,3.708777514727222e+21,3.2565846755584005e+21,5.324101842928483e+21,5.129025472159354e+21,4.3378127370930587e+21
0.015855139764444328,0.04362568510726105,-0.007429324762929533,2.38497135146005e+22,1.7376355279276951e+22,1.8821983435515727e+22,1.2961951299377513e+22,2.121922912912065e+22,1.622990864405766e+22,2.1283115531967266e+22,3.031475917717262e+22,1.1978460822657837e+22,1.9019794128214614e+22,9.305808559864425e+21,3.3112909570862836e+22,9.451864205451954e+21,1.2028368954298988e+22,1.2259683225121877e+22,1.8367830740431916e+22,2.2411688663699773e+22,8.39261064543711e+21,1.734883609481063e+22,1.142707392666896e+22,2.304432618153277e+22,1.3098000240343272e+22,2.1557385867583742e+22,3.0512989467069047e+22,1.5831489504069613e+22,1.4189470636043988e+22,8.849069583969049e+21,2.693426866035996e+22,1.7563438181016289e+22,1.9276172955166634e+22,9.021663586578246e+21,3.0332184717199394e+22,1.3996581699525875e+22,1.7765716578469149e+22,2.1347969195473516e+22,1.1991773683309903e+22,2.3393894478858045e+22,1.1533357721472402e+22,1.0157256611962074e+22,6.203431471018502e+21,1.7123101771587918e+22,1.7349742508810216e+22,1.144764093538418e+22,1.4960047436226498e+22,2.0652324068886323e+22,1.4476452010037648e+22,1.271141004957603e+22,2.0781539070395256e+22,2.0020098485588616e+22,1.6931761926322059e+22
0.00637274266092231,0.0325863695564314,-0.0030481477794218467,9.309246288737114e+22,6.782503730971802e+22,7.346775018344752e+22,5.059431718316074e+22,8.282490684812644e+22,6.335011811305062e+22,8.3074274312535e+22,1.1832744204297868e+23,4.675546391357912e+22,7.423986363284066e+22,3.6323314217834145e+22,1.292494479412224e+23,3.6893412460650547e+22,4.69502700645938e+22,4.785315785646249e+22,7.1695058327572335e+22,8.747942795587647e+22,3.275883354155238e+22,6.771762181992384e+22,4.460323830634054e+22,8.99487986933477e+22,5.112535630780129e+22,8.414483228900095e+22,1.191011933039336e+23,6.179497075330354e+22,5.538568703429955e+22,3.4540527345500166e+22,1.0513239096679537e+23,6.855527702837832e+22,7.524058577646424e+22,3.5214212619440394e+22,1.1839545906285784e+23,5.463278465024348e+22,6.934482924653264e+22,8.33274172804524e+22,4.680742793341602e+22,9.131326681265794e+22,4.501809529056431e+22,3.96467669772101e+22,2.4213821840526773e+22,6.683651420854094e+22,6.772115982098056e+22,4.468351740463467e+22,5.839347545611619e+22,8.061210927098912e+22,5.6505859940842704e+22,4.96163808241088e+22,8.111647351524295e+22,7.814434643544992e+22,6.60896583843239e+22
-0.014148478296498367,-0.008111526527103407,-0.038458959886196284,3.633673268708753e+23,2.6474111585131354e+23,2.8676628770338534e+23,1.9748453547678477e+23,3.232900287120425e+23,2.4727418699345872e+23,3.2426338344066674e+23,4.618668899397917e+23,1.825003594484306e+23,2.8978007412008452e+23,1.4178060372507107e+23,5.0449869883407686e+23,1.4400586523519577e+23,1.832607452858732e+23,1.8678498251432217e+23,2.7984694878961672e+23,3.414579967765831e+23,1.278673848150673e+23,2.643218415279103e+23,1.740995884142439e+23,3.510966787503716e+23,1.9955733773380462e+23,3.28442086829784e+23,4.648870692178534e+23,2.4120398838151223e+23,2.161866645306096e+23,1.3482186098599195e+23,4.10362715608533e+23,2.6759145675233324e+23,2.9368618766559175e+23,1.3745145321667664e+23,4.6213238042020915e+23,2.1324786456545925e+23,2.706733118245619e+23,3.2525147507252736e+23,1.8270319033716157e+23,3.564226000734989e+23,1.75718897526019e+23,1.547530196189028e+23,9.451368502479949e+22,2.6088261876482643e+23,2.6433565138905885e+23,1.7441294140165e+23,2.2792694945519017e+23,3.146528274223577e+23,2.205590296185997e+23,1.9366736156584778e+23,3.16621509757312e+23,3.05020421563829e+23,2.5796742030529032e+23
-0.011031098737739468,0.06207908332668868,-0.04180760278215815,1.41832979966413e+24,1.033362622450874e+24,1.1193333613434712e+24,7.708403616021492e+23,1.2618962899201555e+24,9.651840497623277e+23,1.265695580376841e+24,1.8028026325894343e+24,7.123527051377038e+23,1.1310970582103235e+24,5.5341149411900354e+23,1.9692071508191042e+24,5.6209734581358096e+23,7.15320715227589e+23,7.290768520966894e+23,1.092325141700044e+24,1.3328112253029975e+24,4.9910409901211974e+23,1.0317260711620234e+24,6.795620191931297e+23,1.3704338425884745e+24,7.789311198859481e+23,1.2820062916116145e+24,1.8145912826788386e+24,9.414902750486122e+23,8.438402848000601e+23,5.262494697289031e+23,1.6017666564322294e+24,1.0444883432853023e+24,1.1463437709243518e+24,5.3651354342496964e+23,1.8038389202027037e+24,8.323692821600625e+23,1.0565177321817376e+24,1.269552393311386e+24,7.131444138921942e+23,1.3912224836264797e+24,6.858826600385144e+23,6.040466576993448e+23,3.689147758581457e+23,1.0183017708140218e+24,1.0317799751213165e+24,6.807851282813326e+23,8.896660779677473e+23,1.228182746987302e+24,8.609069147381757e+23,7.559408065017913e+23,1.235867094520096e+24,1.1905846272299214e+24,1.0069228918083032e+24
-0.06998041898800839,0.00873637894608361,-0.025760591656462058,5.536159340297939e+24,4.0335189569808927e+24,4.3690880955728296e+24,3.0088171797370056e+24,4.925553234221781e+24,3.767397888321642e+24,4.940382984928044e+24,7.036870152123424e+24,2.780522614041175e+24,4.415005272453186e+24,2.1601282106042487e+24,7.686396043832901e+24,2.1940316504098317e+24,2.792107632409334e+24,2.845801890001836e+24,4.2636670521179255e+24,5.202355133173149e+24,1.9481504373533292e+24,4.027131014835284e+24,2.6525308999068326e+24,5.349207299813639e+24,3.040397794523181e+24,5.004048499373753e+24,7.082884728787761e+24,3.6749141005458285e+24,3.2937574007976146e+24,2.0541068218805087e+24,6.252167470559388e+24,4.0769459253275014e+24,4.4745176869992206e+24,2.0941705274273012e+24,7.040915088181875e+24,3.248982695772702e+24,4.123900176526939e+24,4.955437262823369e+24,2.7836128867104837e+24,5.430351494402167e+24,2.677202224489544e+24,2.357772181610994e+24,1.4399831284829813e+24,3.9747320130120456e+24,4.0273414178796185e+24,2.6573050552580505e+24,3.472628981252267e+24,4.7939593371983583e+24,3.360373488791874e+24,2.9506598237012907e+24,4.8239536110110133e+24,4.6472027916320495e+24,3.930316893690329e+24
0.03943442607602742,0.10708692374166465,0.06710825630195769,2.160926199846186e+25,1.5744013594896275e+25,1.7053838870633567e+25,1.1744300470027833e+25,1.9225886356071088e+25,1.4705264609817586e+25,1.9283771244977894e+25,2.7466978715646535e+25,1.0853199477497376e+25,1.7233067148659237e+25,8.431617224858221e+24,3.000226975515251e+25,8.563952345358653e+24,1.0898419219521831e+25,1.1108003736297467e+25,1.6642349459267445e+25,2.030632577055333e+25,7.604205483529411e+24,1.5719079573497958e+25,1.0353610084499092e+25,2.087953306985865e+25,1.1867568919694645e+25,1.9532276516838463e+25,2.7646587173743133e+25,1.4344273121348222e+25,1.2856506154929051e+25,8.017784488922413e+24,2.440405281440247e+25,1.5913521854886182e+25,1.7465361647252396e+25,8.17416494269441e+24,2.7482767293554303e+25,1.2681737281362796e+25,1.6096798139715014e+25,1.9342532529695578e+25,1.0865261722756774e+25,2.1196262783137336e+25,1.0449909537601215e+25,9.203079910336365e+24,5.6206786662103e+24,1.5514550821839e+25,1.5719900838608088e+25,1.0372245020284787e+25,1.3554694665868031e+25,1.8712236581311408e+25,1.3116528385196557e+25,1.1517295164279907e+25,1.8829313074495643e+25,1.813940251924828e+25,1.5341185517280357e+25
-0.041251807520666046,0.011714615477128567,8.665099924999055e-06,8.434732012121561e+25,6.145352649137255e+25,6.656616068699372e+25,4.58414670253751e+25,7.5044302355400556e+25,5.7398982973123e+25,7.52702441416194e+25,1.0721171535872719e+26,4.2363237149563075e+25,6.726574149370899e+25,3.291108772040866e+25,1.1710770370506134e+26,3.3427630708916285e+25,4.253974313373814e+25,4.3357813289497425e+25,6.495999620486289e+25,7.926157591020309e+25,2.9681455768013386e+25,6.135620165515452e+25,4.041319246671414e+25,8.14989729843727e+25,4.632262012470966e+25,7.624023347854933e+25,1.0791278012033867e+26,5.598992677115152e+25,5.018273369851166e+25,3.129577655165609e+25,9.525621259707873e+25,6.211516720217411e+25,6.817245540354214e+25,3.19061755646324e+25,1.0727334283286953e+26,4.950055926206091e+25,6.283054857281901e+25,7.549960675905487e+25,4.2410319648833406e+25,8.273526242913578e+25,4.07890776218333e+25,3.5922334013698527e+25,2.1939165844306614e+25,6.055786564111577e+25,6.1359407294993285e+25,4.048593011477755e+25,5.290796928690503e+25,7.3039375857451265e+25,5.11976771193729e+25,4.495539839450294e+25,7.3496359925208085e+25,7.0803435638270525e+25,5.988116974828239e+25
-0.03795441092205282,-0.0223059905619345,0.004076290584166343,3.2923245653355626e+26,2.3987123076736077e+26,2.5982734926837325e+26,1.789327601419561e+26,2.929200356076397e+26,2.2404515211166496e+26,2.9380195300825784e+26,4.18478931707658e+26,1.6535620353344367e+26,2.6255801939763874e+26,1.2846167776059677e+26,4.571058916206562e+26,1.304778973247412e+26,1.6604515842471135e+26,1.6923832741467277e+26,2.5355801578760663e+26,3.093812975698014e+26,1.1585547213535233e+26,2.39491343239651e+26,1.5774460425130987e+26,3.181145179484839e+26,1.808108425355045e+26,2.975881073490224e+26,4.2121539415036224e+26,2.1854519035707413e+26,1.9587800379889715e+26,1.2215664206544687e+26,3.7181307987437375e+26,2.4245380951730503e+26,2.6609719109246575e+26,1.2453920936241664e+26,4.187194819073879e+26,1.9321527586427743e+26,2.4524615390568976e+26,2.9469722292159633e+26,1.655399804083015e+26,3.229401201170046e+26,1.592117948249586e+26,1.4021545977693878e+26,8.563503208919802e+25,2.3637520242256924e+26,2.3950385579698376e+26,1.5802852073520026e+26,2.065154017163414e+26,2.8509421642167796e+26,1.998396271819816e+26,1.7547417305726703e+26,2.8687795995980178e+26,2.7636668257750676e+26,2.3373385885879587e+26
0.00577070703795937,-0.04566746505956748,0.0293762264448625,1.28509133757121e+27,9.362881291755683e+26,1.0141827428695309e+27,6.984273132946667e+26,1.1433532535759017e+27,8.745142785586187e+26,1.1467956371851015e+27,1.6334466405767404e+27,6.454340104005875e+26,1.0248413534021345e+27,5.014237995796783e+26,1.78421905257873e+27,5.092936989322639e+26,6.481232044492768e+26,6.6058708438264e+26,9.89711686056646e+26,1.2076064118938706e+27,4.522180626386367e+26,9.348053161617748e+26,6.157236944568847e+26,1.2416947456380904e+27,7.057580225467421e+26,1.1615741137583193e+27,1.6441278602163045e+27,8.530463064084389e+26,7.645695948480924e+26,4.7681338649882644e+26,1.4512960634958843e+27,9.463686953964465e+26,1.0386557838962793e+27,4.861132490541582e+26,1.6343855789219408e+27,7.541761827309612e+26,9.572680387443373e+26,1.15029013958785e+27,6.461513457216927e+26,1.2605304935185512e+27,6.214505718024965e+26,5.473022758755348e+26,3.3425877596987315e+26,9.226420998955325e+26,9.348541563618222e+26,6.168319041938065e+26,8.060904948891621e+26,1.1128067741942341e+27,7.800329788228205e+26,6.84927428290721e+26,1.1197692510819219e+27,1.0787406366706366e+27,9.123321572820568e+26
0.03189710950233484,-0.01812972543362902,-0.02348588457691618,5.016090343244273e+27,3.6546085915792497e+27,3.958654232630331e+27,2.726167704388007e+27,4.4628448161656065e+27,3.413487041316271e+27,4.476281454227836e+27,6.375823788126472e+27,2.5193192204460024e+27,4.000257931761975e+27,1.9572049125302769e+27,6.964332960789787e+27,1.987923449797377e+27,2.5298159376087177e+27,2.5784661354158717e+27,3.863136483673991e+27,4.713643835300579e+27,1.765140415100342e+27,3.648820735244163e+27,2.4033510985367795e+27,4.846700651351364e+27,2.754781623736312e+27,4.5339662050774395e+27,6.417515737267884e+27,3.3296912171260035e+27,2.984340528435931e+27,1.8611432149769904e+27,5.66483638668737e+27,3.693956013351268e+27,4.054179726558338e+27,1.8974433201862154e+27,6.379488741292496e+27,2.9437719769019743e+27,3.736499363630469e+27,4.4899215273062216e+27,2.5221191916790693e+27,4.9202221282212736e+27,2.4257047891348034e+27,2.1362821307654787e+27,1.3047105441205442e+27,3.6013441163672513e+27,3.6490113729433346e+27,2.407676767846923e+27,3.146408841908848e+27,4.3436129018519663e+27,3.0446986747884773e+27,2.673473673369806e+27,4.370789501724935e+27,4.2106427241938503e+27,3.561101370913376e+27
0.05718111843933252,-0.07679055365564014,0.06822511760795158,1.9579279383473554e+28,1.4265014733664733e+28,1.5451794505182204e+28,1.0641036240964734e+28,1.7419798991155832e+28,1.3323846238896012e+28,1.7472246150714932e+28,2.4886719876497598e+28,9.833645627954151e+27,1.5614186007915306e+28,7.639547769459118e+27,2.7183844673468345e+28,7.75945127642331e+27,9.874617409535975e+27,1.006451347395005e+28,1.5078960571795129e+28,1.8398741499908338e+28,6.889863414213844e+27,1.4242423024093816e+28,9.380987860038263e+27,1.8918101478909192e+28,1.0752724803737766e+28,1.7697406739094603e+28,2.5049455845035456e+28,1.2996766433565284e+28,1.1648760884134805e+28,7.264590644338827e+27,2.211152644529186e+28,1.4418599320698993e+28,1.5824658669476959e+28,7.40628065646114e+27,2.490102526915496e+28,1.149040986764325e+28,1.4584658558875856e+28,1.7525487377115966e+28,9.844574741125279e+27,1.9205077477708793e+28,9.468240904445626e+27,8.338538945278844e+27,5.092669890267154e+27,1.4057107784222647e+28,1.4243167139234824e+28,9.397872222589244e+27,1.2281361290339264e+28,1.6954401679299748e+28,1.1884356523295629e+28,1.0435355903381437e+28,1.7060479960430067e+28,1.6435379875486992e+28,1.390002848491126e+28
-0.014686475393303106,-0.0358186165986507,-0.00456879818844144,7.642369952375563e+28,5.568055791817049e+28,6.031290923626235e+28,4.153510149037e+28,6.799461092465048e+28,5.200689982091985e+28,6.81993276501497e+28,9.714020443360708e+28,3.8383617904150553e+28,6.094677114542746e+28,2.981940712911682e+28,1.0610655972247652e+29,3.0287425865077577e+28,3.85435428463936e+28,3.928476316831078e+28,5.88576284805526e+28,7.181571213448777e+28,2.689316807910941e+28,5.559237581554248e+28,3.661676118972532e+28,7.3842927242993145e+28,4.197105487733741e+28,6.907819580529971e+28,9.777541089435881e+28,5.073021091560788e+28,4.546854785598646e+28,2.835583893014255e+28,8.630780632779177e+28,5.628004383903097e+28,6.176830799211704e+28,2.890889681852903e+28,9.719604259846511e+28,4.485045715578191e+28,5.692822200090368e+28,6.84071438526287e+28,3.842627745482618e+28,7.4963079168569255e+28,3.6957335544772815e+28,3.2547775755170216e+28,1.987819193161779e+28,5.486903580227106e+28,5.559528031630749e+28,3.6682665834374074e+28,4.793777373583079e+28,6.617802801453202e+28,4.638814709065143e+28,4.0732270496974075e+28,6.659208281830293e+28,6.415213290348189e+28,5.425590898913061e+28
-0.0663251254701885,0.003078141621092652,0.07492037607114836,2.9830422941036312e+29,2.17337632520079e+29,2.354190653597956e+29,1.6212374591620884e+29,2.654030116617228e+29,2.0299826194986933e+29,2.6620208139307595e+29,3.791668554245394e+29,1.4982257640275995e+29,2.378932152575941e+29,1.1639393696663516e+29,4.141651834528015e+29,1.182207520678459e+29,1.504468105991754e+29,1.5334001203185503e+29,2.297386755446862e+29,2.8031789616748015e+29,1.0497196328147438e+29,2.169934317769044e+29,1.4292601376630564e+29,2.8823071437125964e+29,1.638254005072395e+29,2.696325628982776e+29,3.816462535035623e+29,1.980149687768207e+29,1.774771466850041e+29,1.1068119881727589e+29,3.3688481216102166e+29,2.1967760280127516e+29,2.410999157642579e+29,1.12839946800461e+29,3.793848082434093e+29,1.7506455646522658e+29,2.222076332539093e+29,2.6701324929682566e+29,1.499890892053406e+29,2.9260299756435006e+29,1.4425537587743707e+29,1.2704356405370497e+29,7.759044332039085e+28,2.1417002246009232e+29,2.1700476889965462e+29,1.4318325902345781e+29,1.8711526323677e+29,2.5831235302389434e+29,1.810666136013214e+29,1.5899005986954884e+29,2.599285309888743e+29,2.504046871593261e+29,2.1177680775490993e+29
0.04796316127743688,-0.07844799054670515,0.06323602068980332,1.1643693492808497e+30,8.483328521752883e+29,9.189100150645345e+29,6.328167753724512e+29,1.0359461969297924e+30,7.92362061506532e+29,1.0390652016618566e+30,1.480000017405719e+30,5.848016843022395e+29,9.285673515100056e+29,4.5431984961782474e+29,1.6166088094189428e+30,4.614504475139981e+29,5.8723825439886806e+29,5.98531272523909e+29,8.967377790028664e+29,1.0941633881539822e+30,4.097365190576725e+29,8.469893352022153e+29,5.578823671837543e+29,1.125049450350029e+30,6.394588348993161e+29,1.0524553823033678e+30,1.4896778390497047e+30,7.729107991471365e+29,6.927456248485263e+29,4.320213484710948e+29,1.3149607375459593e+30,8.574664460201974e+29,9.41084048942231e+29,4.4044757826143675e+29,1.4808507515115784e+30,6.833285739745367e+29,8.67341900745118e+29,1.042231429127399e+30,5.854516328596938e+29,1.1421157606282082e+30,5.630712594074961e+29,4.958884837131761e+29,3.028583744117628e+29,8.359687362805438e+29,8.470335873345621e+29,5.588864712598779e+29,7.303660351251591e+29,1.0082692658972679e+30,7.067563724194837e+29,6.2058507490272534e+29,1.01457768495363e+30,9.77403314800103e+29,8.266273137520378e+29
0.05293018553816982,-0.030418112743455752,-0.05572077432459908,4.5448768333742255e+30,3.3112932156991827e+30,3.58677668903067e+30,2.4700704324939386e+30,4.043603409825503e+30,3.0928227191911964e+30,4.055777804796221e+30,5.776876380896787e+30,2.2826533769074615e+30,3.6244721202185764e+30,1.7733443092996345e+30,6.310100769223057e+30,1.8011771350318144e+30,2.292164028310214e+30,2.3362440073023387e+30,3.5002319151726004e+30,4.270842269953826e+30,1.599322426687688e+30,3.306049072876344e+30,2.1775793462164087e+30,4.3913996761030593e+30,2.495996348946639e+30,4.1080436273463316e+30,5.814651771853655e+30,3.01689870785261e+30,2.7039903993865816e+30,1.686306685590856e+30,5.132679417025606e+30,3.3469443251146055e+30,3.6733284802947076e+30,1.7191967445661e+30,5.780197046913519e+30,2.667232873621809e+30,3.38549113624979e+30,4.0681365240172526e+30,2.2851903177359743e+30,4.4580145163703494e+30,2.1978331222825043e+30,1.935598942858701e+30,1.1821455198108215e+30,3.2630324263458e+30,3.306221801994689e+30,2.1814986604414777e+30,2.850833951420912e+30,3.935572188678788e+30,2.7586784776092067e+30,2.4223264995812723e+30,3.960195808015886e+30,3.8150932820773654e+30,3.2265701003091434e+30
-0.02842155139728297,-0.002360974006564617,0.007756984964892491,1.773999413785621e+31,1.2924953610154232e+31,1.400024682076223e+31,9.6414130897365e+30,1.5783376187306521e+31,1.2072198855858981e+31,1.583089643996255e+31,2.254885157275959e+31,8.909869070100223e+30,1.4147383201529876e+31,6.921885631831344e+30,2.4630183558173835e+31,7.030525355949513e+30,8.946991946322757e+30,9.119049099373604e+30,1.3662437054471067e+31,1.6670356449778608e+31,6.242626921292721e+30,1.2904484174711654e+31,8.499734151852874e+30,1.7140927547032023e+31,9.742609584768466e+30,1.6034905353656437e+31,2.2696300060078113e+31,1.1775845056746437e+31,1.0554471681540436e+31,6.58215212727775e+30,2.0034360909606661e+31,1.306411040036545e+31,1.4338083978057656e+31,6.710531723646568e+30,2.256181311117533e+31,1.0410996222139474e+31,1.3214569968059292e+31,1.587913616450746e+31,8.919771498059417e+30,1.7400944907053329e+31,8.578790610774609e+30,7.555213300260337e+30,4.614262467475361e+30,1.27365775217352e+31,1.2905158387382143e+31,8.515032390710872e+30,1.1127645355498282e+31,1.5361698482913082e+31,1.0767935373219784e+31,9.455054444377987e+30,1.545781172837778e+31,1.4891433792536906e+31,1.2594254313899742e+31
0.012431635965248468,-0.04635736044062724,-0.031053396785738888,6.924442697768917e+31,5.0449904294979585e+31,5.46470906989289e+31,3.763327763617138e+31,6.160717029388023e+31,4.712135109170269e+31,6.179265584925478e+31,8.801481522639262e+31,3.4777845663926622e+31,5.522140736976054e+31,2.7018160234814064e+31,9.61388675547302e+31,2.7442213105695456e+31,3.4922747193871752e+31,3.5594336985719234e+31,5.332851959273093e+31,6.506931574545827e+31,2.4366813238003004e+31,5.037000605393376e+31,3.317696816775113e+31,6.690609346524577e+31,3.802827738962034e+31,6.258896278246448e+31,8.85903501411033e+31,4.596459484687289e+31,4.119721449518095e+31,2.5692080211048143e+31,7.820001688104127e+31,5.099307427143792e+31,5.596576872029153e+31,2.619318362275761e+31,8.806540793196924e+31,4.063718747970523e+31,5.158036232053813e+31,6.1980949715516325e+31,3.4816497759547044e+31,6.792101787610031e+31,3.3485548833245207e+31,2.9490224833522056e+31,1.8010826723057807e+31,4.971461688746916e+31,5.037263770474865e+31,3.32366817040273e+31,4.343448031970642e+31,5.9961237900493325e+31,4.203042621419365e+31,3.6905864903680593e+31,6.03363962323085e+31,5.812565617707831e+31,4.915908744954434e+31
-0.06861975757016935,-0.06145395056424801,0.04042736712106644,2.702814121700693e+32,1.9692084940042026e+32,2.1330370529098816e+32,1.4689377713198505e+32,2.4047094782367105e+32,1.839285249704014e+32,2.411949526285622e+32,3.435477711288152e+32,1.3574818434568694e+32,2.155454325692745e+32,1.0545984451363364e+32,3.752583423861109e+32,1.0711504788203644e+32,1.3631377773491077e+32,1.3893519068122669e+32,2.0815693354075522e+32,2.539847221826125e+32,9.511085555193913e+31,1.9660898301113335e+32,1.2949948752973942e+32,2.6115420711613138e+32,1.4843557761801428e+32,2.4430317334498294e+32,3.45794253572107e+32,1.7941336432808888e+32,1.6080487336285485e+32,1.0028376324445863e+32,3.052377197249563e+32,1.9904100194833352e+32,2.1845089436262802e+32,1.0223971758867918e+32,3.437452493737165e+32,1.586189228220996e+32,2.0133336034004286e+32,2.419299190987524e+32,1.3589905486976517e+32,2.651157562975554e+32,1.3070396883861057e+32,1.1510904142199583e+32,7.030156640081623e+31,1.9405080588172928e+32,1.966192551200905e+32,1.297325670657372e+32,1.69537581435483e+32,2.34046388461451e+32,1.6405714433801885e+32,1.4405447079139763e+32,2.355107420294723e+32,2.268815718543609e+32,1.918824107120683e+32
-0.010706003732912035,-0.023830144614032347,0.08739120506925364,1.0549880322958633e+33,7.686401286680317e+32,8.325872449739858e+32,5.7336971732065475e+32,9.38629001646565e+32,7.179272562017953e+32,9.414550058410536e+32,1.340968230677886e+33,5.298651828875252e+32,8.413373674159061e+32,4.116408633371301e+32,1.4647439387634342e+33,4.1810161004797674e+32,5.320728606260201e+32,5.423050081638928e+32,8.124978775333657e+32,9.913772469119817e+32,3.712457084750572e+32,7.67422822210546e+32,5.05474677061243e+32,1.0193618602150548e+33,5.79387819149741e+32,9.535873076195221e+32,1.349736913930674e+33,7.003032531181656e+32,6.276688269851e+32,3.9143709220345564e+32,1.191432806013614e+33,7.769157090963398e+32,8.526782413430859e+32,3.990717586361268e+32,1.3417390464855177e+33,6.1913641759308304e+32,7.858634597003089e+32,9.443237966467692e+32,5.304540750205462e+32,1.0348249545588271e+33,5.101761226981466e+32,4.493045235121144e+32,2.7440773898963404e+32,7.574375027083818e+32,7.674629172800857e+32,5.063844552035001e+32,6.617551610477587e+32,9.13552052456838e+32,6.4036339939033164e+32,5.6228706762864886e+32,9.192678561331195e+32,8.855856610080675e+32,7.489736171051755e+32
0.02542541601963882,0.0011755816148285858,-0.05622498318509416,4.117929306907586e+33,3.0002290219531594e+33,3.249833468892201e+33,2.2380310395652828e+33,3.663745706936923e+33,2.802281730255715e+33,3.674776434431151e+33,5.234194329885891e+33,2.0682200162727328e+33,3.2839877763720696e+33,1.6067556438226298e+33,5.717327408371633e+33,1.6319738429022956e+33,2.0768372333228367e+33,2.1167763216621744e+33,3.171418745304356e+33,3.869637658709786e+33,1.4490814456598294e+33,2.9954775159802817e+33,1.9730166815640212e+33,3.978869854465048e+33,2.2615214651770483e+33,3.722132384948504e+33,5.268421085682416e+33,2.733490050557538e+33,2.4499764722917658e+33,1.5278943688938924e+33,4.650513483473041e+33,3.032531052056041e+33,3.328254550668121e+33,1.5576947227264785e+33,5.237203051224244e+33,2.4166719630287964e+33,3.0674567605143635e+33,3.6859741706827506e+33,2.0705186358768787e+33,4.039226870302589e+33,1.9913678098994834e+33,1.7537680129605576e+33,1.0710943023387439e+33,2.956501870230714e+33,2.9956340188569636e+33,1.9765678138613536e+33,2.5830254829958996e+33,3.5658629814130277e+33,2.4995271308261596e+33,2.1947721905851813e+33,3.588173448215071e+33,3.4567019109270214e+33,2.923464829516699e+33
-0.072609033576009,0.010777000627173246,-0.023608965753093375,1.607349207534218e+34,1.1710778358356595e+34,1.2685058099661265e+34,8.73569493251859e+33,1.4300679588582635e+34,1.0938131722801874e+34,1.4343735769917836e+34,2.0430603541711046e+34,8.072872447290385e+33,1.2818372430651745e+34,6.271640959127797e+33,2.231641437759641e+34,6.370075024613446e+33,8.10650798584468e+33,8.262402021918073e+33,1.2378982316362819e+34,1.5104336574545584e+34,5.656192080390507e+33,1.1692231829771735e+34,7.70126576540303e+33,1.5530702036890768e+34,8.827384988800947e+33,1.452858000560788e+34,2.0564200659839632e+34,1.066961751673638e+34,9.56298043924634e+33,5.96382215429981e+33,1.8152325125515664e+34,1.1836862704682112e+34,1.2991158700842203e+34,6.080141720633056e+33,2.0442347468083893e+34,9.432983121222077e+33,1.197318804110517e+34,1.4387443835668245e+34,8.081844637252337e+33,1.5766293263318246e+34,7.772895629320036e+33,6.845473576009289e+33,4.180796827110836e+33,1.1540098394154915e+34,1.1692842706637419e+34,7.71512688165481e+33,1.008230995167816e+34,1.391861445444299e+34,9.756391267340103e+33,8.566842891978767e+33,1.4005698783632008e+34,1.3492526614991875e+34,1.1411145084728574e+34
0.018423239416152468,-0.030992263814657514,0.07568352792969224,6.273957813280302e+34,4.571062034100085e+34,4.951352139487717e+34,3.409799265735562e+34,5.581976836113013e+34,4.2694752741526465e+34,5.598782933010426e+34,7.974666868887073e+34,3.1510801093429816e+34,5.003388653060461e+34,2.448006358118725e+34,8.71075443297789e+34,2.486428075773598e+34,3.1642090516367555e+34,3.2250590897667326e+34,4.831881737967001e+34,5.895667850028683e+34,2.207778516942139e+34,4.563822777230526e+34,3.0060310662124634e+34,6.062090859493879e+34,3.445588597780918e+34,5.670933087520189e+34,8.026813762616558e+34,4.16466626356398e+34,3.732713187888824e+34,2.3278556039097e+34,7.085387638019465e+34,4.620276471513771e+34,5.070832228159615e+34,2.37325855982078e+34,7.979250869568452e+34,3.6819714022643427e+34,4.673488269273115e+34,5.615843479613042e+34,3.1545822195907207e+34,6.154049060540461e+34,3.0339903137910106e+34,2.6719901454204078e+34,1.6318882540420898e+34,4.504440612323527e+34,4.564061220480223e+34,3.01144146851963e+34,3.935422806739294e+34,5.432845550746926e+34,3.8082071359620866e+34,3.3438913364525227e+34,5.466837131728128e+34,5.266530905681775e+34,4.454106334032819e+34
-0.058711273555577925,-0.0046217846380220435,0.0687356300715684,2.4489106945967105e+35,1.784220269584489e+35,1.932658708899745e+35,1.3309451763625943e+35,2.178810119190316e+35,1.6665020662167966e+35,2.1853700342632842e+35,3.1127475769322824e+35,1.22995946242526e+35,1.9529700942151e+35,9.555290502827382e+34,3.400064253503806e+35,9.70526179378925e+34,1.2350840756516845e+35,1.2588356394297658e+35,1.8860258891264675e+35,2.3012529697225416e+35,8.617610418093698e+34,1.7813945742106263e+35,1.1733425447578419e+35,2.3662127765678474e+35,1.3449148077510655e+35,2.213532366598665e+35,3.1331020468768862e+35,1.6255920195509764e+35,1.4569879998768692e+35,9.086306687980048e+34,2.7656356766347264e+35,1.8034301153784505e+35,1.9792953098537118e+35,9.26352780996718e+34,3.1145368475373386e+35,1.4371819850490842e+35,1.8242002487599255e+35,2.1920292685575244e+35,1.2313264392992824e+35,2.40210677341975e+35,1.1842558633432886e+35,1.0429565256441921e+35,6.369740946059949e+34,1.7582159646252647e+35,1.7814876456404345e+35,1.1754543842802634e+35,1.5361115401164533e+35,2.1205997820313835e+35,1.4864555134171421e+35,1.3052193685577808e+35,2.1338676981807258e+35,2.055682273006063e+35,1.7385690119234144e+35
0.045472700746391516,0.052622306019093935,0.015396918304261693,9.558820394704825e+35,6.964337711122046e+35,7.543736700319767e+35,5.195071394036235e+35,8.504538221609357e+35,6.504848859339146e+35,8.530143504041815e+35,1.2149971449591093e+36,4.800894381339172e+35,7.623018025124916e+35,3.729711579000525e+35,1.3271453140944878e+36,3.788249795107363e+35,4.8208972575289025e+35,4.913606613059503e+35,7.361715057107167e+35,8.982468764130008e+35,3.363707398552576e+35,6.953308189045762e+35,4.579901860673259e+35,9.236026040791441e+35,5.249598983677317e+35,8.640069389572824e+35,1.222942094640581e+36,6.345164886673099e+35,5.687053692399647e+35,3.546653370138914e+35,1.079509137204076e+36,7.039319402434679e+35,7.72577310259531e+35,3.615827998636424e+35,1.2156955500250431e+36,5.609744977593764e+35,7.120391356183598e+35,8.556136458674807e+35,4.806230095071537e+35,9.376130892271922e+35,4.622499760424625e+35,4.070966789485138e+35,2.4862976750653304e+35,6.86283524263971e+35,6.953671474274324e+35,4.5881449929123426e+35,5.995896196053271e+35,8.277326114918353e+35,5.802074084948666e+35,5.09465598205021e+35,8.329114703111217e+35,8.023933939117977e+35,6.786147394203827e+35
0.07890188581569511,0.03821319921594593,0.03742358618817468,3.7310893998636404e+36,2.718386321541558e+36,2.944542828058289e+36,2.0277895189411575e+36,3.319571986827952e+36,2.539034276681253e+36,3.329566483420563e+36,4.742492045287044e+36,1.8739306103085986e+36,2.9754886663911755e+36,1.4558163834385192e+36,5.1802394113814204e+36,1.4786655749270572e+36,1.8817383225823459e+36,1.9179255171738495e+36,2.8734944146042083e+36,3.5061223672554055e+36,1.312954161784935e+36,2.7140811739181985e+36,1.7876707144994364e+36,3.605093247358334e+36,2.0490732446844148e+36,3.37247379722495e+36,4.7735035261130786e+36,2.4767049145695387e+36,2.2198247139283067e+36,1.3843633678530467e+36,4.2136424083344733e+36,2.7476538861665185e+36,3.0155970024097435e+36,1.411364264665538e+36,4.7452181261534233e+36,2.1896488434318693e+36,2.779298659764983e+36,3.339712299901854e+36,1.876013296678411e+36,3.65978030126698e+36,1.8042979305842603e+36,1.5890183525008005e+36,9.704752801381961e+35,2.6787669157387005e+36,2.714222974852775e+36,1.790888252024878e+36,2.340375047968239e+36,3.230884403236036e+36,2.2647205640109723e+36,1.988594423335894e+36,3.251099015966634e+36,3.131977966866451e+36,2.6488333876899912e+36
0.02048772282607278,0.04275185656281928,0.05906641605557209,1.456354187540386e+37,1.0610663209716284e+37,1.1493418726957935e+37,7.915060297049943e+36,1.2957268094501654e+37,9.91059930455823e+36,1.29962795611407e+37,1.8511344568112403e+37,7.314503618119629e+36,1.1614209456991619e+37,5.682480528041151e+36,2.0220001588551578e+37,5.771667658500852e+36,7.344979420884897e+36,7.48622870957951e+36,1.1216095823744376e+37,1.3685429225491179e+37,5.124847160279649e+36,1.0593858949358739e+37,6.977805814837129e+36,1.4071741747747346e+37,7.998136953197038e+36,1.3163759456255009e+37,1.863239152014865e+37,9.667309429163036e+36,8.664630276222487e+36,5.403578343429614e+36,1.6447088527012888e+37,1.0724903142702688e+37,1.1770764116652287e+37,5.508970803716562e+36,1.852198526539902e+37,8.546844957645642e+36,1.0848422023128272e+37,1.3035881673915278e+37,7.322632957009553e+36,1.4285201441227261e+37,7.042706741020127e+36,6.202407082037868e+36,3.788051120365395e+36,1.0456016988827122e+37,1.0594412440210165e+37,6.990364812348462e+36,9.135173768948405e+36,1.2611094310106018e+37,8.83987201466345e+36,7.762070283951201e+36,1.2689997902983714e+37,1.222503333073949e+37,1.0339177604267778e+37
0.03104311875130605,-0.0730303273581302,-0.015190510723555038,5.684579735998642e+37,4.141654659525387e+37,4.4862201620717045e+37,3.0894813747064375e+37,5.057603725389313e+37,3.868399079034588e+37,5.07283105090018e+37,7.225523510575423e+37,2.8550663981455773e+37,4.533368344987678e+37,2.2180396730595323e+37,7.892462717895896e+37,2.2528520393685363e+37,2.866962002409971e+37,2.922095763901995e+37,4.377972857300428e+37,5.341826481445358e+37,2.0003789302530502e+37,4.1350954613080714e+37,2.723643319469403e+37,5.492615647608898e+37,3.121908642750751e+37,5.138203391371963e+37,7.272771704492576e+37,3.7734358683350743e+37,3.382060635354116e+37,2.1091759282004522e+37,6.419783522216878e+37,4.186245873232344e+37,4.594476243979352e+37,2.150313712483962e+37,7.229676888420586e+37,3.336085553131097e+37,4.2344589336737997e+37,5.088288923010349e+37,2.8582395187721447e+37,5.57593525889506e+37,2.7489760642772103e+37,2.420982334833928e+37,1.4785880263182152e+37,4.081291680448161e+37,4.135311505104628e+37,2.728545466444924e+37,3.5657276324719854e+37,4.922481891927023e+37,3.4504626521001316e+37,3.0297648623558216e+37,4.95328029035286e+37,4.771790910368948e+37,4.03568582415888e+37
-0.02348000779887889,-0.023808574673921938,0.06731526485856791,2.218859055811262e+38,1.6166099120986996e+38,1.7511039857420776e+38,1.2059156603286396e+38,1.9741318352381946e+38,1.5099502032932502e+38,1.9800755092958575e+38,2.820334838983652e+38,1.114416584281556e+38,1.7695073114911493e+38,8.65766273547081e+37,3.080660873372303e+38,8.79354566407113e+37,1.119059789315562e+38,1.1405801218025552e+38,1.708851871493791e+38,2.0850723559857325e+38,7.808068688592824e+37,1.6140496636653481e+38,1.0631182822423472e+38,2.1439298128952402e+38,1.2185729790218223e+38,2.005592260998156e+38,2.838777201974868e+38,1.4728832625843058e+38,1.3201179711731045e+38,8.232735445594981e+37,2.5058307678248115e+38,1.6340151773844918e+38,1.793359525965445e+38,8.393308345321295e+37,2.821956024800711e+38,1.3021725412082117e+38,1.6528341562249933e+38,1.9861091724878827e+38,1.1156551468076217e+38,2.1764519134927958e+38,1.0730063993654829e+38,9.449807773101201e+37,5.771364963418743e+37,1.5930484618277029e+38,1.6141339919282461e+38,1.0650317347251525e+38,1.3918086147624418e+38,1.921389800164436e+38,1.3468172948419263e+38,1.1826065450792687e+38,1.9334113230254646e+38,1.8625706676009826e+38,1.575247151629752e+38
-0.039186021834875545,-0.028888724923992793,0.01988011728778811,8.660861027909802e+38,6.310105073307226e+38,6.835075092404214e+38,4.707044333497688e+38,7.70561853894738e+38,5.893780785911883e+38,7.728818451025525e+38,1.1008598328332724e+39,4.34989646520454e+38,6.906908698214648e+38,3.379340998791419e+38,1.2024727586242094e+39,3.432380111735097e+38,4.3680202632972104e+38,4.452020465318206e+38,6.6701526343141555e+38,8.138652097361964e+38,3.0477193957482536e+38,6.300111668895122e+38,4.1496640692956036e+38,8.368390103214281e+38,4.756449579811336e+38,7.828417855412426e+38,1.1080584308007666e+39,5.749097588766419e+38,5.152809620256039e+38,3.2134793504392055e+38,9.780996220896177e+38,6.3780429548952176e+38,7.000010923085009e+38,3.276155686988651e+38,1.10149262945121e+39,5.0827633166817e+38,6.451498977258551e+38,7.752369617224421e+38,4.354730939879504e+38,8.495333449558625e+38,4.188260305503973e+38,3.6885385598936854e+38,2.2527338885543546e+38,6.2181377868413884e+38,6.300440826965694e+38,4.157132838433365e+38,5.4326393370208316e+38,7.499750827383358e+38,5.2570249516576545e+38,4.6160619850111495e+38,7.546674375127649e+38,7.27016241275194e+38,6.148654025204804e+38
-0.040144325686276405,0.08384472843744961,-0.06341049763626781,3.380589386617955e+39,2.4630200358283213e+39,2.667931310715757e+39,1.837298169879858e+39,3.0077300820492224e+39,2.3005163929659624e+39,3.0167856916807705e+39,4.296980467689515e+39,1.6978928279497347e+39,2.6959700847617436e+39,1.319056416846152e+39,4.6936056731570386e+39,1.339759146253219e+39,1.7049670806458406e+39,1.7377548358714287e+39,2.60355721330933e+39,3.1767558459898134e+39,1.1896147287728458e+39,2.4591193154746668e+39,1.6197362208542625e+39,3.266429362489425e+39,1.8565824940126365e+39,3.0556622754636985e+39,4.325078717746893e+39,2.2440422757718716e+39,2.0112935027320784e+39,1.2543157257925084e+39,3.8178111747039445e+39,2.489538193861981e+39,2.732310627838581e+39,1.2787801476840909e+39,4.299450459441598e+39,1.983952365439592e+39,2.5182102449183855e+39,3.025978406150833e+39,1.6997798659386125e+39,3.3159790929342996e+39,1.6348014696867917e+39,1.439745340275598e+39,8.793084486611805e+38,2.4271224926694402e+39,2.459247795573391e+39,1.6226515016325652e+39,2.1205192907347835e+39,2.927373845121054e+39,2.051971818909171e+39,1.8017850770508654e+39,2.9456894891402365e+39,2.8377587184849986e+39,2.400000932079336e+39
0.0473593889058919,-0.0165871153320155,0.0370156252538495,1.3195436994180778e+40,9.613893313050989e+39,1.0413722428020632e+40,7.171516403661112e+39,1.1740057207269441e+40,8.979593687901795e+39,1.1775403921309896e+40,1.6772381541239887e+40,6.627376256569342e+39,1.0523166029122402e+40,5.148666060765304e+39,1.8320526645690624e+40,5.2294749169310096e+39,6.654989150374753e+39,6.782969425048899e+39,1.0162451347969834e+40,1.2399814593747738e+40,4.643416992022149e+39,9.598667651554707e+39,6.32230797803493e+39,1.2749836764941103e+40,7.246788805886812e+39,1.1927150688866851e+40,1.6882057294748003e+40,8.759158559581723e+39,7.850671482660494e+39,4.8959640576353915e+39,1.4902042528709645e+40,9.71740150156984e+39,1.0665013882163335e+40,4.991455908537873e+39,1.6782022647216779e+40,7.743950963475174e+39,9.829316969537165e+39,1.1811285795954415e+40,6.634741922150151e+39,1.2943243970427866e+40,6.381112085554824e+39,5.619750508735481e+39,3.432200100576931e+39,9.473774619288898e+39,9.599169147256736e+39,6.333687178355062e+39,8.277011933658402e+39,1.1426403125033826e+40,8.009450942913485e+39,7.032898332874857e+39,1.1497894483203402e+40,1.1076608866691608e+40,9.367911172705513e+39
-0.01952390803972945,-0.02082653731444419,-0.036117815824329706,5.15056806829738e+40,3.7525859834771114e+40,4.0647828664961386e+40,2.7992542729927985e+40,4.582490431988955e+40,3.505000140244546e+40,4.596287296521467e+40,6.546754975504608e+40,2.5868603320020245e+40,4.107501930469756e+40,2.0096761493082024e+40,7.151041650026364e+40,2.0412182281636642e+40,2.5976384584990975e+40,2.647592932640369e+40,3.9667043563287993e+40,4.84001318997848e+40,1.8124625427294203e+40,3.746642958933397e+40,2.467783189292561e+40,4.976637162260694e+40,2.828635310657462e+40,4.655518533485492e+40,6.589564655406413e+40,3.418957811100229e+40,3.0643485222290187e+40,1.9110391076786075e+40,5.816706520188013e+40,3.7929882809400616e+40,4.1628693292721876e+40,1.9483123922434035e+40,6.550518183393026e+40,3.022692357405494e+40,3.836672187423436e+40,4.610293050014602e+40,2.589735368422493e+40,5.052129696323648e+40,2.4907361660382543e+40,2.1935542972055952e+40,1.3396888825913492e+40,3.697893526517873e+40,3.7468387074902956e+40,2.4722248266432208e+40,3.2307617690280238e+40,4.460061996980223e+40,3.1263248264803444e+40,2.745147553420303e+40,4.487967181682315e+40,4.32352698580282e+40,3.6565719023979036e+40
-0.025644364899511753,0.056264763324835265,-0.02876770334261839,2.0104185589203057e+41,1.4647449378570185e+41,1.5866045850524018e+41,1.0926314664591988e+41,1.788681110196601e+41,1.368104884262848e+41,1.794066433163557e+41,2.5553914692382993e+41,1.009727849788576e+41,1.6032790951051645e+41,7.844358475441528e+40,2.7912623730410274e+41,7.967476508010137e+40,1.0139348703060755e+41,1.0334335742515444e+41,1.5483216511202513e+41,1.8891998345666746e+41,7.074575629199762e+40,1.462425200173647e+41,9.63248530522838e+40,1.942528198705812e+41,1.1040997516304892e+41,1.8171861311233294e+41,2.572101349359247e+41,1.3345200266178843e+41,1.1961055670750013e+41,7.459349023164382e+40,2.270432034857935e+41,1.4805151456409893e+41,1.6248906231221796e+41,7.604837641210653e+40,2.5568603602187955e+41,1.1798459378954296e+41,1.4975662621694518e+41,1.7995332916500177e+41,1.0108500612612986e+41,1.971995160316176e+41,9.722077540143283e+40,8.562089095075904e+40,5.229200657144579e+40,1.4433968595390964e+41,1.4625016066061902e+41,9.64982232522958e+40,1.2610615632638836e+41,1.7408936827483343e+41,1.2202967457232519e+41,1.0715120187112148e+41,1.751785898999294e+41,1.6876000427510315e+41,1.427267811458585e+41
-0.026660373337167365,-0.06421814817426512,0.044466312347640535,7.847256319024413e+41,5.717331308128433e+41,6.192985436093516e+41,4.2648627279593e+41,6.98174968711393e+41,5.340116688877709e+41,7.002770190279762e+41,9.974446249307744e+41,3.941265471605922e+41,6.258070964575929e+41,3.0618843694001827e+41,1.0895119923019751e+42,3.109940967105824e+41,3.957686712940833e+41,4.03379590277593e+41,6.0435558589157166e+41,7.374103901858622e+41,2.7614154308478324e+41,5.708276688077524e+41,3.75984298612713e+41,7.582260228618174e+41,4.309626825902722e+41,7.093013187243635e+41,1.0039669837593592e+42,5.209025088470122e+41,4.668752647453875e+41,2.9116038298647477e+41,8.862165569155321e+41,5.778887078261968e+41,6.342427129635594e+41,2.9683923265807184e+41,9.980179763842574e+41,4.60528652132892e+41,5.845442612844906e+41,7.024108950615384e+41,3.945645793818693e+41,7.697278466822045e+41,3.794813476647722e+41,3.342035789376526e+41,2.0411111764836756e+41,5.634003464910893e+41,5.70857492490882e+41,3.76661013613944e+41,4.922295049999882e+41,6.795221269760516e+41,4.76317794942387e+41,4.182427297257904e+41,6.837736800879285e+41,6.587200481563433e+41,5.5710470353116675e+41
0.0051916255815424965,0.0018699520909010064,0.0715281558866336,3.063015483180765e+42,2.2316429599496876e+42,2.417304788666023e+42,1.6647016534568803e+42,2.7251827290867798e+42,2.0844049735408595e+42,2.7333876511695595e+42,3.893320423816894e+42,1.538392104459195e+42,2.4427095891934792e+42,1.1951437355811898e+42,4.252686500683795e+42,1.2139016424032862e+42,1.5448017990603433e+42,1.57450945959796e+42,2.3589780194191565e+42,2.878330145941342e+42,1.0778618508580515e+42,2.228108674808139e+42,1.467577559932151e+42,2.959579696850086e+42,1.682174400556897e+42,2.768612153302726e+42,3.9187791131557184e+42,2.0332360572420597e+42,1.8223517959548788e+42,1.1364848106392523e+42,3.459164483645787e+42,2.2556699917341644e+42,2.4756362872870654e+42,1.1586510350667481e+42,3.895558383567317e+42,1.7975790959085003e+42,2.281648578979324e+42,2.7417167984081217e+42,1.5401018733533888e+42,3.00447470602833e+42,1.4812275733335635e+42,1.3044950938313682e+42,7.96705865374366e+41,2.1991176461866327e+42,2.228225085435596e+42,1.4702189780816336e+42,1.921316870252059e+42,2.65237518882311e+42,1.859208775028817e+42,1.6325246746077378e+42,2.668970254002354e+42,2.571178542611056e+42,2.1745438957204084e+42
0.01811694797520613,-0.0024976367172878863,-0.008314283785901523,1.19558524263567e+43,8.710760374534391e+42,9.435453226245002e+42,6.497821317564613e+42,1.0637191591987364e+43,8.136047106931239e+42,1.0669217821737141e+43,1.5196777388581116e+43,6.004797911007162e+42,9.534615652192612e+42,4.6649983355797835e+42,1.6599489129887017e+43,4.738215975850883e+42,6.029816838652205e+42,6.145774595728645e+42,9.207786650789907e+42,1.123497110875607e+43,4.207212564095955e+42,8.696965017698276e+42,5.728387867161807e+42,1.1552112058812242e+43,6.566022600567571e+42,1.0806709437959302e+43,1.5296150158446242e+43,7.936319741710818e+42,7.113176299950427e+42,4.4360352585253185e+42,1.3502138762294562e+43,8.804544962903586e+42,9.663138261841752e+42,4.522556567202948e+42,1.5205512805251094e+43,7.01648114852751e+42,8.905947047566192e+42,1.0701728938892265e+43,6.011471643051419e+42,1.1727350514955344e+43,5.781667893574083e+42,5.09182892427245e+42,3.1097778662670206e+42,8.583804486257844e+42,8.6974194026958e+42,5.738698100905293e+42,7.499466160435173e+42,1.0353002298234751e+43,7.257039954936502e+42,6.372225083148306e+42,1.0417777729954989e+43,1.003606785080639e+43,8.487885893697809e+42
0.054643436988873285,-0.033331746537438665,0.03413547021782627,4.666721667772372e+43,3.400066572668469e+43,3.682935557074981e+43,2.5362912199504684e+43,4.1520094691985544e+43,3.175739041428007e+43,4.1645102508225273e+43,5.931750224957894e+43,2.343849649742686e+43,3.7216415752906647e+43,1.8208863773510347e+43,6.479269970380658e+43,1.8494653808491918e+43,2.3536152747756755e+43,2.398877005867468e+43,3.5940705809264264e+43,4.385340437495319e+43,1.6421990949392954e+43,3.394681838199865e+43,2.235958660894465e+43,4.509129899809386e+43,2.5629121913216226e+43,4.218177281970094e+43,5.970538346605649e+43,3.0977795626988727e+43,2.7764824106129526e+43,1.731515338406594e+43,5.270282810145933e+43,3.436673462335391e+43,3.7718077387610394e+43,1.7652871558840165e+43,5.935159915609556e+43,2.738739442381003e+43,3.476253685374032e+43,4.1772002982955813e+43,2.3464546041052194e+43,4.577530635377781e+43,2.2567554259306e+43,1.9874909393418597e+43,1.21383797933759e+43,3.350511946737711e+43,3.3948591980599426e+43,2.2399830490764785e+43,2.9272627312190226e+43,4.0410820097745347e+43,2.832636636341635e+43,2.487267307004781e+43,4.066365770393874e+43,3.917373151523922e+43,3.31307209232337e+43
0.09570544502505018,0.0003877874159038496,0.019697128525379137,1.8215590447106775e+44,1.327146219332826e+44,1.4375583230955438e+44,9.899892345468253e+43,1.6206516995801926e+44,1.239584570578287e+44,1.6255311231786372e+44,2.315336984387663e+44,9.148736164007703e+43,1.4526664230819672e+44,7.107456339125351e+43,2.529050082239628e+44,7.219008615041853e+43,9.186854277476823e+43,9.363524157360343e+43,1.402871703111484e+44,1.71172765524458e+44,6.409987197780041e+43,1.3250443987244987e+44,8.727605827616612e+43,1.7600463317740285e+44,1.000380184475334e+44,1.6464789475720909e+44,2.3304771317640836e+44,1.2091546877376913e+44,1.0837429372440602e+44,6.758614827002034e+43,2.057146751926838e+44,1.341434967563088e+44,1.4722477556133152e+44,6.890436186752596e+43,2.316667887168751e+44,1.0690107440575845e+44,1.3568842954639989e+44,1.6304844228176504e+44,9.158904068840983e+43,1.786745155361455e+44,8.808781732564847e+43,7.757763060608727e+43,4.737967480137213e+43,1.307803587931688e+44,1.325113627506563e+44,8.743314201105006e+43,1.1425969414717148e+44,1.577353441958359e+44,1.1056615870065246e+44,9.708537560695002e+43,1.5872224391086525e+44,1.5290662275711341e+44,1.2931897090042031e+44
-0.02311994377607733,-0.02302019863235363,-0.029051367301684762,7.1100819581364456e+44,5.180242944793525e+44,5.611213935935828e+44,3.864219837254136e+44,6.325881361390904e+44,4.838464016000573e+44,6.344927190179241e+44,9.037442825420739e+44,3.571021435091245e+44,5.670185304142152e+44,2.774249741275018e+44,9.871628050251622e+44,2.817791883193836e+44,3.585900058523297e+44,3.654859520976816e+44,5.475821832312544e+44,6.68137766609194e+44,2.5020069735955404e+44,5.172038919329788e+44,3.406641849620613e+44,6.869979705224648e+44,3.90477877814003e+44,6.426692724332301e+44,9.096539284037983e+44,4.7196872123601e+44,4.230168178040407e+44,2.6380866150343876e+44,8.029650232083012e+44,5.236016141545692e+44,5.74661701770734e+44,2.6895403779184975e+44,9.042637731333519e+44,4.172664084893879e+44,5.2963194228983145e+44,6.36426137893302e+44,3.574990268103662e+44,6.974193084661152e+44,3.4383271984367142e+44,3.028083626105703e+44,1.8493683856463425e+44,5.10474295211008e+44,5.172309139675249e+44,3.4127732908854888e+44,4.459892707057581e+44,6.156875497304496e+44,4.315723129813909e+44,3.789528423502269e+44,6.195397102622179e+44,5.968396264188113e+44,5.0477006743961565e+44
0.07723684257619892,-0.006606975294444227,-0.07653078739781458,2.7752745977798862e+45,2.02200153805007e+45,2.190222221178558e+45,1.508318922019763e+45,2.469177986161902e+45,1.888595146292511e+45,2.4766121346205488e+45,3.5275803640457745e+45,1.3938749419892436e+45,2.2132404847011112e+45,1.0828714605810211e+45,3.853187449582555e+45,1.0998672422206315e+45,1.399682507345597e+45,1.426599418507894e+45,2.1373746916932342e+45,2.607938674132929e+45,9.766070824741653e+44,2.0187992650519372e+45,1.3297127437703917e+45,2.6815556101086827e+45,1.5241502723496518e+45,2.50852763309792e+45,3.5506474540434514e+45,1.842233058219578e+45,1.6511593478072073e+45,1.0297229782379337e+45,3.134209204530481e+45,2.0437714609700355e+45,2.2430740357587776e+45,1.0498068987796721e+45,3.529608088972503e+45,1.6287138049966493e+45,2.0673096094591938e+45,2.4841588384747344e+45,1.3954240945175893e+45,2.722233164376247e+45,1.3420804695165758e+45,1.1819503090069851e+45,7.21863001417036e+44,1.9925316651202435e+45,2.01890474001903e+45,1.3321060260546723e+45,1.7408276039007578e+45,2.403210015013819e+45,1.684553967696162e+45,1.479164661284328e+45,2.418246133209549e+45,2.329641013846633e+45,1.970266382487629e+45
0.05175698139897988,0.002074986975882907,0.09164538660525808,1.0832714922882612e+46,7.89246810130023e+45,8.549083020026199e+45,5.88741341418987e+45,9.637929608603982e+45,7.371743625258798e+45,9.666947281670037e+45,1.3769186112911311e+46,5.4407048213528125e+45,8.638930088478118e+45,4.22676654770797e+45,1.5040126558700795e+46,4.2931060939066576e+45,5.4633734610440746e+45,5.568438100578833e+45,8.342803532673449e+45,1.0179553481245507e+46,3.811985352575121e+45,7.879968685739059e+45,5.190260846300281e+45,1.046690208507714e+46,5.949207841705318e+45,9.791522881109324e+45,1.3859223765489978e+46,7.190778727685988e+45,6.444961706260273e+45,4.0193123526286456e+45,1.2233742509124567e+46,7.977442528361889e+45,8.755379233367598e+45,4.097705815364376e+45,1.3777100921085917e+46,6.357350135588803e+45,8.069318861103704e+45,9.696404291626894e+45,5.446751620370485e+45,1.0625678571372627e+46,5.2385357259680384e+45,4.613500502158661e+45,2.817644104112309e+45,7.777438499358225e+45,7.880380385630282e+45,5.1996025326099294e+45,6.794963344537981e+45,9.380437169455872e+45,6.575310752622917e+45,5.773615739686958e+45,9.439127571512451e+45,9.093275669313552e+45,7.690530537303058e+45
-0.04728719894046368,0.05521084472172671,-0.0206865622662461,4.228327989393097e+46,3.080662974673721e+46,3.336959134857662e+46,2.2980310200688883e+46,3.761968058235984e+46,2.877408860402048e+46,3.77329451149223e+46,5.374519263809167e+46,2.1236674870449145e+46,3.3720290944204e+46,1.6498315912063364e+46,5.870604787894333e+46,1.6757258718176554e+46,2.1325157254016314e+46,2.173525551581208e+46,3.256442169699754e+46,3.973379823127534e+46,1.4879302627453222e+46,3.07578408428986e+46,2.0259118203419557e+46,4.0855404544137693e+46,2.3221512068652893e+46,3.82192004051745e+46,5.409663613975111e+46,2.8067729259246777e+46,2.5156585553250523e+46,1.568856102991651e+46,4.775190359444492e+46,3.1138309986534234e+46,3.4174826286620326e+46,1.5994553825841328e+46,5.377608646773049e+46,2.4814611764498505e+46,3.149693039892448e+46,3.7847924508888727e+46,2.1260277309648073e+46,4.147515597841806e+46,2.0447549290489504e+46,1.800785254779474e+46,1.0998095596884948e+46,3.0357635298934735e+46,3.075944782894566e+46,2.029558155907178e+46,2.652274513004963e+46,3.6614611682035335e+46,2.566537630889168e+46,2.253612432886086e+46,3.684369762354789e+46,3.549373569003169e+46,3.0018407902040233e+46
0.06663703815055198,-0.07066258518849775,-0.018820456126822545,1.6504410679282866e+47,1.2024735788241003e+47,1.3025135259098081e+47,8.969892544781544e+46,1.4684070382246487e+47,1.1231375059695657e+47,1.4728280868412588e+47,2.0978333127453376e+47,8.289300271964169e+46,1.3162023650107775e+47,6.439779080816393e+46,2.2914701176972645e+47,6.540852091833011e+46,8.323837554784655e+46,8.483910996308495e+46,1.2710853807198138e+47,1.5509272826085993e+47,5.807830466341581e+46,1.2005692040746383e+47,7.907731085860347e+46,1.5947068835629073e+47,9.064040744624942e+46,1.4918080643298265e+47,2.111551188691818e+47,1.09556621835295e+47,9.819356972800852e+46,6.123707878250478e+46,1.863897572792983e+47,1.215420036396799e+47,1.333944219422985e+47,6.243145887352749e+46,2.0990391899930206e+47,9.685874521456678e+46,1.22941804832707e+47,1.47731607155398e+47,8.298512999797701e+46,1.6188976091076066e+47,7.981281294206235e+46,7.02899573179596e+46,4.292880941978568e+46,1.1849480018635638e+47,1.200631929477547e+47,7.921963808533202e+46,1.0352609330836682e+47,1.4291762360410374e+47,1.0017953004186997e+47,8.796513704138736e+46,1.4381181356974924e+47,1.3854251416628739e+47,1.1717069564998749e+47
0.0028642553105482204,-0.036533402796012436,-0.0450901911731946,6.442158048139592e+47,4.693608874639013e+47,5.084094280496384e+47,3.501213498089141e+47,5.731625565472644e+47,4.3839367935333356e+47,5.748882221575163e+47,8.188461873601985e+47,3.2355582697364154e+47,5.137525855060082e+47,2.513635623827371e+47,8.94428340863137e+47,2.553087399720693e+47,3.2490391894012504e+47,3.31152057268994e+47,4.961420964612428e+47,6.0537264067706695e+47,2.2669674493702338e+47,4.686175538570661e+47,3.086620567509557e+47,6.224611095786656e+47,3.5379623160339306e+47,5.822966669125276e+47,8.24200678753395e+47,4.27631792978323e+47,3.832784507070522e+47,2.3902637154955526e+47,7.275341714896001e+47,4.744142715239301e+47,5.2067775432369845e+47,2.4368838915529628e+47,8.193168767999601e+47,3.78068237116744e+47,4.7987810825017845e+47,5.76640014899397e+47,3.2391542690066352e+47,6.319034629159914e+47,3.1153293821316123e+47,2.7436242531681677e+47,1.6756379883825071e+47,4.625201381115884e+47,4.686420374310042e+47,3.0921760187580506e+47,4.0409286230141515e+47,5.578496179072096e+47,3.910302392851731e+47,3.4335386252731004e+47,5.613399049557377e+47,5.407722759626715e+47,4.573517677521097e+47
0.015037695247609588,0.05347777005802817,-0.07009510232674664,2.5145642049070124e+48,1.8320539142018588e+48,1.9844718798540817e+48,1.3666268461970913e+48,2.237222429994491e+48,1.7111797716259444e+48,2.243958211607969e+48,3.196198070078643e+48,1.2629337788941127e+48,2.0053277986014484e+48,9.811460874792954e+47,3.4912174972768956e+48,9.965452786726887e+47,1.2681957792649686e+48,1.2925841051515377e+48,1.936588868180978e+48,2.3629478840808504e+48,8.848642270616053e+47,1.8291524639951346e+48,1.2047990029413694e+48,2.4296492159878436e+48,1.3809709932183363e+48,2.2728755555411287e+48,3.2170982285227565e+48,1.6691729564350428e+48,1.496048785916539e+48,9.329903945788628e+47,2.8397803528007865e+48,1.851778761956355e+48,2.032358774078573e+48,9.511876236850751e+47,3.198035309724128e+48,1.4757117862710672e+48,1.8731057274710378e+48,2.2507959751186323e+48,1.2643374034215144e+48,2.4665055047263365e+48,1.2160048996415877e+48,1.070917429714993e+48,6.540509056877059e+47,1.8053524527854713e+48,1.829248030602121e+48,1.2069674593417215e+48,1.5772935705838477e+48,2.1774515161353704e+48,1.5263063020111332e+48,1.3402113482407826e+48,2.1910751354435207e+48,2.1107936160220783e+48,1.785178779605564e+48
0.08105420699214716,-0.0711649317664083,-0.08484690119022897,9.815085400498115e+48,7.151046527711567e+48,7.745978781390921e+48,5.334347470572494e+48,8.732538690980794e+48,6.679239114808999e+48,8.758830432367387e+48,1.2475703326051768e+49,4.9296028595451645e+48,7.827385580712961e+48,3.8297024272362906e+48,1.362725112391918e+49,3.889810010238866e+48,4.95014199826217e+48,5.045336824023523e+48,7.559077270629162e+48,9.223282202904628e+48,3.4538859415508854e+48,7.139721312189642e+48,4.7026856905178175e+48,9.483637165293952e+48,5.390336905137767e+48,8.87170335074651e+48,1.2557282805952346e+49,6.515274131255562e+48,5.839519455668605e+48,3.641736561256191e+48,1.1084499901416163e+49,7.228038423501863e+48,7.932895446895343e+48,3.712765711111011e+48,1.2482874614017465e+49,5.760138150581751e+48,7.311283857224175e+48,8.78552023916357e+48,4.9350816198726194e+48,9.627498125697267e+48,4.746425608904937e+48,4.1801064411172173e+48,2.5529535030645064e+48,7.046822852050984e+48,7.140094336830325e+48,4.711149815122462e+48,6.156641801679331e+48,8.499235193361499e+48,5.957623461084671e+48,5.231239994600352e+48,8.552412195846634e+48,8.239049758066947e+48,6.968079058308857e+48
0.05549583304586782,-0.0058114184448266265,0.008669822687949545,3.8311171864722267e+49,2.7912642769453593e+49,3.0234838745193094e+49,2.0821530775562866e+49,3.4085672916154496e+49,2.607103934521411e+49,3.418829733375085e+49,4.8696347994425e+49,1.9241693237562306e+49,3.055259348216414e+49,1.49484575929566e+49,5.319117853276162e+49,1.5183075209494902e+49,1.9321863551037177e+49,1.9693437019994503e+49,2.950530704899343e+49,3.600118951735057e+49,1.3481535056352e+49,2.786843711452945e+49,1.8355968630293816e+49,3.701743168977471e+49,2.1040074044695293e+49,3.462887360980402e+49,4.901477675460136e+49,2.543103567653556e+49,2.2793365961151556e+49,1.421477140456139e+49,4.3266070892882927e+49,2.8213164836399964e+49,3.096442959482109e+49,1.4492019116268006e+49,4.872433964549421e+49,2.24835173253084e+49,2.8538096305475816e+49,3.4292475517992924e+49,1.9263078454292066e+49,3.757896342931064e+49,1.85266984265514e+49,1.6316187760357838e+49,9.964930148604248e+48,2.750582703757997e+49,2.7869893139671953e+49,1.8389006603900904e+49,2.403118796721829e+49,3.3175020585663314e+49,2.325436071206604e+49,2.0419071900135667e+49,3.338258610326496e+49,3.2159440127467675e+49,2.71984667964575e+49
-0.07876479463569239,0.05535381595697744,-0.03265635602598211,1.4953979815334047e+50,1.089512735451964e+50,1.1801548903593553e+50,8.127257293030886e+49,1.330464300544172e+50,1.0176295246455466e+50,1.3344700341059513e+50,1.900762022003456e+50,7.510600127382512e+49,1.192557794503531e+50,5.834823688107785e+49,2.0762085089471936e+50,5.926401860512013e+49,7.541892964201116e+49,7.686929043345903e+49,1.1516791175530899e+50,1.4052325605477242e+50,5.262240576306832e+49,1.0877872584193286e+50,7.164875701468146e+49,1.4448994884808671e+50,8.212561173761113e+49,1.351667025005833e+50,1.913191235260396e+50,9.926482946874735e+49,8.896922696860802e+49,5.548444339264265e+49,1.6888022979447263e+50,1.1012429976821224e+50,1.2086329720983164e+50,5.656662294573692e+49,1.9018546186657685e+50,8.775979639765907e+49,1.113926030837789e+50,1.338536415760512e+50,7.51894740792127e+49,1.4668177277045072e+50,7.231516574165203e+49,6.368689093957589e+49,3.8896060091719116e+49,1.0736335181195383e+50,1.0878440913730909e+50,7.17777139654645e+49,9.38008111757053e+49,1.2949188554269171e+50,9.076862538546981e+49,7.970165729220429e+49,1.3030207494946174e+50,1.2552777561508862e+50,1.0616363417919353e+50
-0.06817253891469348,-0.08041486573762102,-0.05448975958101546,5.836979174300159e+50,4.252689401417287e+50,4.606492453876678e+50,3.1723081179336653e+50,5.19319439395183e+50,3.972108038034248e+50,5.208829952957954e+50,7.41923452802721e+50,2.931608646754653e+50,4.654904645202602e+50,2.277503699602098e+50,8.104053889254794e+50,2.3132493600714148e+50,2.9438231634967228e+50,3.000435020938324e+50,4.495343117783663e+50,5.48503695488125e+50,2.054007630969516e+50,4.2459543558778384e+50,2.7966622111549645e+50,5.639868668654731e+50,3.2056047373927033e+50,5.275954878217187e+50,7.467749411576339e+50,3.8745989328901074e+50,3.4727312152503966e+50,2.1657213971119484e+50,6.591893238016531e+50,4.298476073053893e+50,4.717650802414694e+50,2.2079620554000344e+50,7.4234992549043255e+50,3.425523574591741e+50,4.347981690495393e+50,5.224702239349625e+50,2.934866836431812e+50,5.725422017974173e+50,2.8226741083818842e+50,2.4858871061805427e+50,1.518227893318983e+50,4.190708134879457e+50,4.24617619165107e+50,2.801695781116921e+50,3.6613221906560597e+50,5.054450042646839e+50,3.5429670401959477e+50,3.1109906494240694e+50,5.086074123680477e+50,4.899719145736512e+50,4.143879618832632e+50
-0.0429550548814172,-0.023259581999466872,0.05945856808071607,2.278345049408019e+51,1.6599500452304988e+51,1.7980498069335116e+51,1.2382453799927446e+51,2.027056870473116e+51,1.550430867393695e+51,2.0331598900989476e+51,2.895945959813115e+51,1.1442932804254917e+51,1.816946512428719e+51,8.889768361421353e+50,3.163251145389469e+51,9.029294212270138e+50,1.1490609664012672e+51,1.1711582433125439e+51,1.7546649443067107e+51,2.1409716256991915e+51,8.017397317554726e+50,1.6573211584032334e+51,1.0916197083083403e+51,2.2014070081176083e+51,1.2512420321721002e+51,2.059360727311048e+51,2.9148827491104682e+51,1.5123701890285035e+51,1.3555093715301933e+51,8.453449080703004e+50,2.5730102638000006e+51,1.6778219329890564e+51,1.841438187383288e+51,8.618326822803114e+50,2.8976106084399823e+51,1.3370828376713029e+51,1.6971454349320374e+51,2.0393553114022264e+51,1.1455650479098905e+51,2.2348010025215022e+51,1.1017729186424803e+51,9.703150229986443e+50,5.9260910503954365e+50,1.635756929655534e+51,1.657407747445379e+51,1.093584459057181e+51,1.429121989007116e+51,1.972900859891331e+51,1.3829244846010688e+51,1.2143113643573674e+51,1.9852446710158085e+51,1.9125048292667444e+51,1.6174783793094646e+51
-0.005975066526093071,0.04786653942229411,0.024489230081403246,8.893052397748878e+51,6.479274389854184e+51,7.018318472426588e+51,4.833236760343712e+51,7.912200554089973e+51,6.05178875184069e+51,7.936022438896717e+51,1.1303730823546147e+52,4.466514018085161e+51,7.09207788483753e+51,3.469938667214242e+51,1.2347101766037131e+52,3.5243997201070485e+51,4.485123701991293e+51,4.571375888186975e+51,6.84897456347411e+51,8.356843426496614e+51,3.129426530766755e+51,6.46901306955562e+51,4.260913537624073e+51,8.592740540792194e+51,4.8839665252914567e+51,8.038292030700925e+51,1.137764669485381e+52,5.903226703663018e+51,5.290952689448774e+51,3.299630388993408e+51,1.0043217598609333e+52,6.549033636516509e+51,7.187676112479214e+51,3.363987032430704e+51,1.1310228437885298e+52,5.219028495543823e+51,6.624458961285285e+51,7.960204994691108e+51,4.471478101501521e+51,8.723087145702246e+51,4.3005445107860754e+51,3.787425589504949e+51,2.3131280417200444e+51,6.384841527488206e+51,6.469351052114087e+51,4.268582539017209e+51,5.578284436906349e+51,7.70081367926959e+51,5.3979619579056535e+51,4.7398152414261735e+51,7.748995213118652e+51,7.465070166626476e+51,6.313494956860231e+51
-0.047612392030546416,-0.04264783680893978,-0.02601577775065227,3.4712205234082526e+52,2.529051807290434e+52,2.739456604064234e+52,1.8865547943069775e+52,3.088365132722208e+52,2.3621915602384393e+52,3.0976635166458616e+52,4.41217938125589e+52,1.7434120967950787e+52,2.7682470772003424e+52,1.354419357705676e+52,4.819437819316968e+52,1.3756771121945382e+52,1.7506760050483867e+52,1.784342776087211e+52,2.6733566840391574e+52,3.261922354163501e+52,1.2215074323463574e+52,2.525046511467972e+52,1.6631601680445198e+52,3.3539999522627636e+52,1.9063561171102553e+52,3.137582353296505e+52,4.4410309249118914e+52,2.3042034131356026e+52,2.0652148151792887e+52,1.2879430159249701e+52,3.920163908870304e+52,2.5562808978075503e+52,2.8055618837425e+52,1.3130633111313445e+52,4.414715591686064e+52,2.0371406819294205e+52,2.585721625649026e+52,3.107102681088793e+52,1.7453497248966675e+52,3.404878074855958e+52,1.6786293052147234e+52,1.478343863182355e+52,9.028820670979357e+51,2.4921918771710583e+52,2.525178436024472e+52,1.6661536053750638e+52,2.1773688669257916e+52,3.005854603666809e+52,2.106983687356006e+52,1.850089621350545e+52,3.024661276748876e+52,2.913836960820775e+52,2.464343207314878e+52
0.028944943747318493,0.004161666691391913,-0.014441463529447397,1.3549197039680947e+53,9.871634783633473e+52,1.06929067340491e+53,7.363779529951147e+52,1.2054799581747055e+53,9.220330047978848e+52,1.2091093915420933e+53,1.7222036862226364e+53,6.805051382228663e+52,1.080528443830505e+53,5.28669804414901e+52,1.8811686608231065e+53,5.369673326833717e+52,6.833404557585439e+52,6.964815890117828e+52,1.0434899259534757e+53,1.2732244582751692e+53,4.767903616231595e+52,9.856000933252953e+52,6.491804445560942e+52,1.30916505931663e+53,7.441069930402142e+52,1.2246908903183029e+53,1.7334652942725424e+53,8.993985214579759e+52,8.061142261471202e+52,5.027221284551036e+52,1.5301555424366423e+53,9.977917951222456e+52,1.0950935128869897e+53,5.125273202356574e+52,1.723193643922552e+53,7.951560642972577e+52,1.0092833791292482e+53,1.2127937756964496e+53,6.812614515933654e+52,1.3290242904825992e+53,6.552185048331506e+52,5.770411922718709e+52,3.524214882980973e+52,9.72775960984707e+52,9.856515873689134e+52,6.503488713945497e+52,8.498912589131026e+52,1.1732736662240503e+53,8.224178483293238e+52,7.221445209748513e+52,1.1806144651600856e+53,1.1373564674854422e+53,9.61905804144198e+52
0.02965895734681935,-0.01884762288764718,0.038114526668718174,5.288651043116337e+53,3.853190077819996e+53,4.173756731661356e+53,2.8743002392171216e+53,4.705343659543253e+53,3.598966638636211e+53,4.719510407955089e+53,6.7222687033966275e+53,2.6562121715170927e+53,4.217621062595189e+53,2.0635541016892725e+53,7.342755863098848e+53,2.0959418006826645e+53,2.667279251727611e+53,2.7185729689006178e+53,4.0730488081419105e+53,4.969770414923989e+53,1.8610533420993896e+53,3.847087725121108e+53,2.5339426574264075e+53,5.110057176295514e+53,2.9044689610809277e+53,4.780329591198777e+53,6.766226079605621e+53,3.5106175773778717e+53,3.1465014720047762e+53,1.962272672886272e+53,5.9726481812448065e+53,3.89467553142208e+53,4.274472820993154e+53,2.0005452270356524e+53,6.726132800144919e+53,3.1037285357723296e+53,3.939530571589925e+53,4.7338916454882884e+53,2.6591642855679097e+53,5.187573610157831e+53,2.5575109867444715e+53,2.252361888672915e+53,1.3756049648151203e+53,3.797031355963965e+53,3.847288721554104e+53,2.5385033718362027e+53,3.317376136624609e+53,4.579633007450061e+53,3.2101393157884077e+53,2.8187429579401316e+53,4.608286309809361e+53,4.4394375921657105e+53,3.754601929227434e+53
-0.09513837441997952,-0.08736559911386871,0.08323890641417264,2.0643164147618118e+54,1.5040136817486348e+54,1.6291402972418835e+54,1.121924119477055e+54,1.8366343466985444e+54,1.4047827787743574e+54,1.842164046248001e+54,2.6238996514854763e+54,1.0367979172855087e+54,1.646261838752381e+54,8.054660007131279e+53,2.8660940822542477e+54,8.181078744392168e+53,1.0411177249558963e+54,1.0611391749383467e+54,1.589831025761709e+54,1.9398479047844285e+54,7.264239844002483e+53,1.5016317535892083e+54,9.890725213566398e+53,1.9946059634863634e+54,1.1336998610126777e+54,1.8659035664543432e+54,2.6410575113099004e+54,1.3702975355814315e+54,1.2281722852911586e+54,7.659328732134991e+53,2.331300662422948e+54,1.5202066773058078e+54,1.668452756079352e+54,7.808717793960617e+53,2.6254079223622455e+54,1.211476747307588e+54,1.5377149218370486e+54,1.8477774672247955e+54,1.0379502144296512e+54,2.0248629128542096e+54,9.982719350980922e+53,8.791632461406729e+53,5.369391714342365e+53,1.4820932770151178e+54,1.501710208422503e+54,9.908527026434038e+53,1.294869704380808e+54,1.787565773160467e+54,1.2530120118020592e+54,1.1002384747323698e+54,1.798750001787996e+54,1.7328433695292937e+54,1.4655318209146702e+54
-0.06891007801234417,0.030795811363208442,-0.017129044408211926,8.057635539787908e+54,5.870608792200769e+54,6.359014860554448e+54,4.379200588339385e+54,7.168925306085353e+54,5.483281324021411e+54,7.190509353615778e+54,1.0241853881245224e+55,4.046927925466179e+54,6.42584528460398e+54,3.143971257035124e+54,1.1187210144919717e+55,3.193316217088933e+54,4.063789408309148e+54,4.141939030035279e+54,6.205579185356189e+54,7.571798251276144e+54,2.835446965301174e+54,5.861311424387689e+54,3.860641635420244e+54,7.785535097396901e+54,4.4251647791127924e+54,7.28317169953536e+54,1.0308826066380867e+55,5.348675253381019e+54,4.7939185021141404e+54,2.9896618057988267e+54,9.099753766981357e+54,5.933814827653509e+54,6.512462976947877e+54,3.0479727607093224e+54,1.0247741107124636e+55,4.728750895418622e+54,6.002154667595392e+54,7.212420190558682e+54,4.0514256809239395e+54,7.903636890711399e+54,3.896549659295981e+54,3.431633332332808e+54,2.095831879025183e+54,5.7850469902578714e+54,5.861617656730999e+54,3.867590207790701e+54,5.0542581916238493e+54,6.977396197853789e+54,4.8908752775878934e+54,4.2945551238415635e+54,7.021051539365321e+54,6.763798523985542e+54,5.720402744680337e+54
-0.039586202563010014,0.03744742388954011,-0.07251951837746355,3.1451326951515096e+55,2.2914716806961163e+55,2.482110967681041e+55,1.70933109111255e+55,2.798242891221855e+55,2.1402863512175354e+55,2.8066677812837637e+55,3.99769750590092e+55,1.5796352751939406e+55,2.5081968523889204e+55,1.2271846677962346e+55,4.3666979252878697e+55,1.246445460424523e+55,1.5862168090342707e+55,1.616720910292125e+55,2.4222205002745945e+55,2.955496078668068e+55,1.1067585412496313e+55,2.2878426439466415e+55,1.5069222443564396e+55,3.03892387080058e+55,1.727272269823573e+55,2.8428366266382146e+55,4.0238387241399126e+55,2.0877456335781628e+55,1.8712077189939275e+55,1.1669531398426954e+55,3.5519021615011523e+55,2.3161428596854982e+55,2.542006291252736e+55,1.1897136245865033e+55,3.9999954637206366e+55,1.8457708809201811e+55,2.3428179139146565e+55,2.8152202268873127e+55,1.581390881745658e+55,3.085022482443572e+55,1.520938204665415e+55,1.3394676562369972e+55,8.180649687757448e+54,2.2580743869840986e+55,2.2879621754581495e+55,1.5096344770007478e+55,1.972825974781174e+55,2.7234834338850487e+55,1.9090528068057533e+55,1.6762914709195285e+55,2.7405234006628895e+55,2.6401099647855757e+55,2.232841832183704e+55
0.09338588973058208,-0.009214798766943614,-0.009856340491835647,1.227638011332959e+56,8.944289509476666e+55,9.688410848194403e+55,6.672023169763016e+55,1.092236694337853e+56,8.354168598171645e+55,1.0955251772998734e+56,1.5604191910950568e+56,6.165782165121217e+55,9.790231746485945e+55,4.790063539875837e+55,1.7044509331374698e+56,4.865244091702282e+55,6.191471831976034e+55,6.310538331979103e+55,9.454640697834789e+55,1.1536172493172471e+56,4.320004865613504e+55,8.93012430918147e+55,5.881961769520891e+55,1.1861815760883702e+56,6.742052879440206e+55,1.1096429439211667e+56,1.57062287923267e+56,8.149086687903631e+55,7.303875370593627e+55,4.554962129654205e+55,1.3864121258592742e+56,9.040588394285104e+55,9.922199953598613e+55,4.643803011537938e+55,1.5613161517772793e+56,7.204587892657985e+55,9.144708994908937e+55,1.0988634489502115e+56,6.172634815056006e+55,1.2041752232276003e+56,5.936670194596747e+55,5.228337145464675e+55,3.193148743635553e+55,8.813930026394352e+55,8.930590875909502e+55,5.892548413114225e+55,7.700521380608065e+55,1.06305587418525e+56,7.451595905284115e+55,6.543059791869661e+55,1.0697070755671742e+56,1.0305127512953976e+56,8.715439926298545e+55
0.022989893212601507,0.018427979888467883,-0.04766726326470479,4.791833073348089e+56,3.491219878616672e+56,3.7816723742656208e+56,2.6042873384395372e+56,4.2633218159884755e+56,3.2608782898127082e+56,4.2761577344539225e+56,6.090776123865384e+56,2.406686550036643e+56,3.8214160726105144e+56,1.869703013585698e+56,6.652974474486173e+56,1.8990481993317272e+56,2.416713984357004e+56,2.463189149460683e+56,3.69042499289475e+56,4.502908217432142e+56,1.686225255406907e+56,3.485690783342779e+56,2.295903082436802e+56,4.63001638498045e+56,2.6316219986447677e+56,4.331263539579872e+56,6.130604126775505e+56,3.1808287742962705e+56,2.8509178798090097e+56,1.777936002244335e+56,5.41157524991418e+56,3.528808172306811e+56,3.872927154349203e+56,1.8126132175265216e+56,6.094277225837536e+56,2.8121630501157896e+56,3.569449512268614e+56,4.2891879928478765e+56,2.409361341326458e+56,4.700250894400942e+56,2.31725739358139e+56,2.040774122418162e+56,1.24638009059845e+56,3.4403367292931882e+56,3.485872898091398e+56,2.30003536153194e+56,3.0057405108820743e+56,4.14942047225048e+56,2.9085775593894717e+56,2.55394913012933e+56,4.175382072058551e+56,4.022395069701803e+56,3.401893139678037e+56
